-0.2158 -78.5103
-2.18319097 -79.8812561
0.23615 -78.25689
-2.1761 -79.8996
-0.163995 -78.482455
-2.90425473 -79.00141912
-0.14956127 -78.47026073
-1.03333 -78.5667
-2.1761 -79.8996
-2.30569 -78.1135
-0.9733 -80.7018
-2.20404132 -80.97612002
-1.80839 -79.5156
-2.21667 -79.4833
-0.2158 -78.5103
-0.2158 -78.5103
-1.79963619 -79.526422
-0.2158 -78.5103
-2.1761 -79.8996
-0.1400492 -78.5053217
-1.03333333 -79.45
-2.19671673 -79.90201983
-2.12256826 -79.90472211
-2.1761 -79.8996
-2.1761 -79.8996
-3.94894 -79.33196
-0.25 -78.5833
-2.1761 -79.8996
-3.25086665 -79.9597621
-0.1373383 -78.5092769
-0.2158 -78.5103
-3.2626 -79.9553
-2.89160924 -78.9944458
-0.2158 -78.5103
-0.33333333 -79.25
-0.1786239 -78.4922316
-0.195864 -78.49595758
1.2142 -77.2781
-2.1341899 -79.92167
-1.46666667 -78.81666667
-3.25086665 -79.9597621
-2.91245728 -79.01367886
1.2142 -77.2781
-2.11140947 -79.90571074
-2.62835 -80.3944099
-0.21972602 -78.43839169
-1.46666667 -78.81666667
-2.17153279 -79.9234128
1.2142 -77.2781
-2.1761 -79.8996
-2.1833 -79.8833
-1.48009 -78.00261
-2.11140947 -79.90571074
-1.46666667 -78.81666667
-3.94894 -79.33196
-2.08176 -79.920079
-0.95 -80.7333
1.20204312 -77.26044691
1.20204312 -77.26044691
-2.13917607 -79.90817785
-1.79780371 -80.76000354
-1.02914044 -80.46414614
-2.1761 -79.8996
-2.1761 -79.8996
-2.15557364 -79.83131511
-2.15204165 -79.8863554
-3.9976127 -79.2591279
-2.16545019 -79.89774847
-2.13917607 -79.90817785
-2.21124911 -79.90022032
-2.18834 -79.8958
-2.1761 -79.8996
-2.17153279 -79.9234128
-0.9733 -80.7018
-2.91231077 -79.01521683
-2.1761 -79.8996
0.10812 -76.90976
-2.1761 -79.8996
-3.39466536 -79.08383642
-0.21155071 -78.50156307
-0.2158 -78.5103
-0.20492941 -78.49103831
-1.03333333 -79.45
-2.1761 -79.8996
-3.93714504 -79.22417524
-2.11974885 -79.93253231
-0.2158 -78.5103
0.10812 -76.90976
-2.1761 -79.8996
-2.1761 -79.8996
-2.1761 -79.8996
-2.11140947 -79.90571074
0.10812 -76.90976
-2.1588015 -79.90463568
-4.26679 -81.21201
-1.2584 -78.6241
-0.1373383 -78.5092769
-2.8992 -79.0153
0.10812 -76.90976
-1.67371 -79.63348
-2.92102795 -79.01037083
-3.27153853 -79.9281705
1.2142 -77.2781
-1.46666667 -78.81666667
-0.2888 -78.47574
-3.9833 -79.2
-1.49 -80.66
-1.49 -80.66
-2.1761 -79.8996
-0.23 -78.52
-0.23 -78.52
-0.2158 -78.5103
-2.0625893 -79.8930898
-2.2 -79.9
-1.23333333 -78.61666667
-0.2158 -78.5103
-2.91668247 -79.01706219
-3.2626 -79.9553
-3.9833 -79.2
-1.46666667 -78.81666667
-2.1761 -79.8996
-1.46666667 -78.81666667
-2.1761 -79.8996
-2.11140947 -79.90571074
-2.1761 -79.8996
-2.1761 -79.8996
-0.2158 -78.5103
-2.1761 -79.8996
-2.15384282 -79.89506721
-2.21240765 -79.93058068
0.0166667 -78.8833
0.10812 -76.90976
-2.1761 -79.8996
-2.1761 -79.8996
-2.17747085 -79.8542628
-1.46666667 -78.81666667
-2.1761 -79.8996
-1.48009 -78.00261
-1.78333 -79.5167
-2.1761 -79.8996
-2.1761 -79.8996
-0.2158 -78.5103
-2.1761 -79.8996
-2.140811 -79.8887204
-2.1761 -79.8996
-2.1761 -79.8996
-0.2158 -78.5103
-2.1577799 -79.89272
-2.11140947 -79.90571074
1.10410481 -76.61554773
-1.03333333 -79.45
-0.46466 -77.8962899
-2.11925775 -79.90614031
-0.2888 -78.47574
-0.2158 -78.5103
-2.0625224 -79.8930291
-2.11667 -79.6833
-0.933333 -79.35
-2.11140947 -79.90571074
-0.2158 -78.5103
-2.1761 -79.8996
-0.2888 -78.47574
-3.94894 -79.33196
-0.2846 -78.440554
-0.2158 -78.5103
-4.00011385 -79.225449
-2.17289009 -79.89953388
-2.1761 -79.8996
-2.22871997 -79.90050765
-2.22871997 -79.90050765
-2.17289009 -79.89953388
-2.17971678 -79.87511969
-3.94894 -79.33196
-0.95 -80.7333
-0.26968852 -78.52973506
-2.11140947 -79.90571074
-2.42639514 -79.34040828
-2.42639514 -79.34040828
-2.13278613 -79.8648119
-0.2158 -78.5103
-2.1761 -79.8996
-1.70472222 -78.84583333
-2.1761 -79.8996
-2.1761 -79.8996
-2.21498 -80.95131
-2.91669 -79.0155
-0.32915415 -78.54107692
-0.32915415 -78.54107692
-2.14225407 -79.86736828
-0.2158 -78.5103
-2.19055196 -79.87867355
-0.2158 -78.5103
-0.8997 -80.41076
-2.91332292 -79.03030522
-2.25723 -79.89196
-2.16157817 -79.89749817
-2.13917607 -79.90817785
-0.8997 -80.41076
-2.21498 -80.95131
-1.6743 -78.6483
-3.2626 -79.9553
1.21303862 -77.28039712
-4.00038 -79.20383
-2.18406805 -79.87747489
-2.1733569 -79.9106379
-2.1761 -79.8996
-2.15724137 -79.88936851
-2.1761 -79.8996
-0.92684 -80.2065
-1.46666667 -78.81666667
-2.1761 -79.8996
1.2142 -77.2781
-2.1761 -79.8996
-0.2055426 -78.4852767
-2.1761 -79.8996
0.3483 -78.1214
-2.32204763 -80.85391814
-2.1761 -79.8996
-2.1761 -79.8996
-0.2158 -78.5103
-0.2158 -78.5103
-2.15549122 -79.89235282
-0.2158 -78.5103
-1.23745268 -78.61923909
-2.8992 -79.0153
-2.1761 -79.8996
-2.11140947 -79.90571074
-0.9733 -80.7018
-0.2158 -78.5103
-2.1761 -79.8996
0.71786 -77.71836
-0.08478712 -78.42319259
-2.1761 -79.8996
-2.13321435 -79.59419332
-0.2158 -78.5103
-0.34678654 -78.44671187
-0.95 -80.7333
-2.16174462 -79.91621674
-2.1761 -79.8996
-0.32915415 -78.54107692
-2.1761 -79.8996
-2.1761 -79.8996
-0.33138 -78.4487599
-2.13200464 -79.88168333
-2.16750164 -79.90322113
1.21392179 -77.28799955
-1.25148025 -78.63535885
-2.11140947 -79.90571074
-2.11140947 -79.90571074
-2.1824227 -79.88991698
0.98898864 -79.66010571
-2.1761 -79.8996
-2.11140947 -79.90571074
0.9633 -79.654
-2.11140947 -79.90571074
-0.2158 -78.5103
-1.18455387 -79.50155911
-2.23891952 -79.92446266
-2.1761 -79.8996
-0.2158 -78.5103
-0.93170803 -78.61675408
-2.11140947 -79.90571074
-1.6743 -78.6483
-1.109801 -80.41421325
-1.03333333 -79.45
-0.25 -79.15
-2.20082264 -79.92321968
-2.206603 -79.893758
-0.20498685 -78.50414751
-2.1761 -79.8996
-0.19457376 -78.49159512
-2.8992 -79.0153
0.10812 -76.90976
-3.2626 -79.9553
0.10812 -76.90976
-0.25 -78.5833
0.10812 -76.90976
-0.13936744 -78.47439766
-0.95 -80.7333
0.10812 -76.90976
-4.32668394 -79.55508113
-0.21482825 -79.11665002
-2.2267 -80.8583
-2.91106783 -79.00903702
-2.11766888 -79.90066767
-2.05938693 -79.9074606
0.10812 -76.90976
-2.14857752 -79.86672806
-2.11766888 -79.90066767
-0.17643359 -78.47998923
-0.5 -78.5667
-2.11140947 -79.90571074
-2.1833 -79.8833
0.10812 -76.90976
-0.5 -78.5667
-2.1761 -79.8996
-2.16977185 -79.91453201
-1.6743 -78.6483
-1.24755674 -78.64136847
-0.24829274 -79.15513577
-2.1832474 -79.910484
-2.8992 -79.0153
-2.17949245 -79.87538646
-3.9833 -79.2
-2.1761 -79.8996
-2.42563886 -79.34290013
-2.1761 -79.8996
-2.17949245 -79.87538646
-2.16524322 -79.89693504
-2.1761 -79.8996
-2.1761 -79.8996
-2.09168749 -79.92715897
-2.09168749 -79.92715897
-2.1761 -79.8996
-0.84519617 -80.16480353
-2.0849261 -79.9155761
-2.11140947 -79.90571074
-2.1620381 -79.94451973
-3.2604 -79.9615
-2.1761 -79.8996
-1.05029644 -79.46630766
-0.7084 -80.09447
-2.1761 -79.8996
-0.8485816 -80.16149561
-1.18333 -79.2
-0.8485816 -80.16149561
-1.56146007 -79.53503924
-1.23678538 -78.62217521
-2.20998 -79.88724
-0.9733 -80.7018
-0.08086 -78.42217
-1.2584 -78.6241
-2.18659933 -79.90286684
-2.1761 -79.8996
-2.04000724 -79.86313301
-2.1761 -79.8996
-2.1761 -79.8996
-2.1761 -79.8996
-2.8992 -79.0153
-2.2267 -80.8583
-2.1761 -79.8996
-2.1761 -79.8996
-0.29460124 -78.54792285
-2.92637 -78.77672
-2.1761 -79.8996
0.3483 -78.1214
-2.1761 -79.8996
-2.1194798 -79.94707731
-2.1761 -79.8996
-2.1761 -79.8996
-2.18773961 -79.89309066
-0.46466 -77.8962899
-2.2 -79.9
-2.1194798 -79.94707731
-1.46666667 -78.81666667
0.10812 -76.90976
-2.1194798 -79.94707731
-1.46666667 -78.81666667
-2.1194798 -79.94707731
-2.1194798 -79.94707731
-1.46666667 -78.81666667
-2.14843352 -79.86478831
-2.0779472 -79.9250434
-2.1936 -79.89751
-2.1936 -79.89751
-2.1194798 -79.94707731
-2.1194798 -79.94707731
-2.11140947 -79.90571074
-2.11140947 -79.90571074
-2.14441988 -79.8626494
-3.27153853 -79.9281705
-4.29604 -79.59154
-4.29604 -79.59154
-4.29604 -79.59154
-4.29604 -79.59154
-4.29604 -79.59154
-0.29498 -78.48568
-3.32856 -79.80626
-2.15664942 -79.90452283
-1.20784872 -78.60345483
-0.23 -78.52
-0.23 -78.52
-2.15875315 -79.89586115
-3.2626 -79.9553
-3.2626 -79.9553
-2.11140947 -79.90571074
-2.11140947 -79.90571074
-2.11140947 -79.90571074
-2.11140947 -79.90571074
-1.05221944 -80.4506
-1.03333333 -79.45
-2.11140947 -79.90571074
-2.11140947 -79.90571074
-2.07340986 -79.84444857
-0.25 -79.15
-2.21667 -79.4833
-2.13960493 -79.89403725
-2.1761 -79.8996
-0.17643359 -78.47998923
-2.8992 -79.0153
-0.24188425 -78.51585163
-2.1293856 -79.89243329
-1.827492 -79.319668
-1.25702684 -78.63232515
