36.892982 -121.811601
37.106275 -122.291019
37.483333 -122.317162
38.568916 -123.327167
-32.03041 139.441647
37.194463 -121.993406
37.80516 -122.29077
36.883379 -121.797634
36.96912 -121.905879
37.787519 -122.468354
-24.29745 131.603742
-24.250475 131.581675
-33.871028 151.210943
-33.871028 151.210943
-33.871028 151.210943
-33.7676 150.906056
-33.7676 150.906056
-33.7676 150.906056
-33.7676 150.906056
-33.7676 150.906056
-33.7676 150.906056
-33.7676 150.906056
-33.7676 150.906056
-33.7676 150.906056
-33.7676 150.906056
-33.7676 150.906056
-33.7676 150.906056
-33.7676 150.906056
-33.7676 150.906056
-33.885958 151.190144
-33.88127 151.198936
-32.430393 139.969083
-32.505307 139.540378
-32.097629 139.389607
-32.097629 139.389607
-32.097629 139.389607
-32.092048 139.385162
-30.899681 139.384486
-30.582955 138.999943
-30.571748 138.951361
-30.571781 138.951198
-30.571766 138.951157
-30.571753 138.951179
-30.57174 138.951148
-30.620339 138.892896
-30.621883 138.892014
-30.59567 138.937308
-30.59567 138.937308
-30.59567 138.937308
-30.59567 138.937308
-30.59567 138.937308
-30.59567 138.937308
-30.59567 138.937308
-30.59567 138.937308
-30.280065 138.362129
-30.280065 138.362129
-30.280127 138.362102
-30.022292 138.280215
-30.022292 138.280215
-29.647593 138.063968
-29.643642 137.623281
-29.49759 137.24355
-29.497578 137.243504
-29.496949 137.24273
-29.496342 137.242092
-29.495757 137.241278
-29.495737 137.241134
-29.495737 137.241134
-29.495891 137.241313
-29.497654 137.243565
-29.400383 136.814312
-29.335403 136.743603
-29.293364 136.704653
-29.257585 136.671652
-28.906676 136.338328
-28.906827 136.33897
-29.008134 135.585545
-29.008134 135.585545
-29.008134 135.585545
-29.08673 135.444143
-29.036098 135.02613
-29.03448 135.021098
-29.009832 134.754418
-29.009832 134.754418
-29.009832 134.754418
-29.009832 134.754418
-28.815441 134.556779
-28.790873 134.526915
-28.571232 134.271215
-27.905201 134.0565
-25.998595 133.196596
-25.60711 133.206911
-24.404249 131.818985
-24.404218 131.819471
-24.29747 131.60373
-24.29747 131.60373
-24.29747 131.60373
-24.29747 131.60373
-24.29745 131.603742
-24.252433 131.573384
-24.248702 131.577646
-24.25188 131.582652
-25.351034 130.786946
-25.351034 130.786946
-25.290893 130.73901
-25.292561 130.742068
-25.238005 131.054055
-25.345971 131.021618
-25.342627 131.02483
-25.342403 131.021434
-23.707407 133.87537
-37.816223 144.967852
-37.819241 144.968375
-37.819936 144.966582
-37.811451 144.965665
-37.809504 144.963915
47.10576 -0.99397
47.10576 -0.99397
47.09939 -0.99353
47.09939 -0.99353
47.09939 -0.99353
47.09939 -0.99353
47.09939 -0.99353
46.888191 -0.926926
46.888294 -0.926844
46.888293 -0.926836
46.887587 -0.928724
46.887587 -0.928724
47.014261 -1.055168
47.016071 -1.054474
47.352219 -0.448441
47.10576 -0.99397
47.10576 -0.99397
47.282349 -0.122478
47.282349 -0.122478
47.280784 -0.122063
47.280784 -0.122063
47.280784 -0.122063
47.280784 -0.122063
47.280784 -0.122063
47.282199 -0.122468
47.072347 -0.95758
47.072347 -0.95758
47.073601 -0.954187
47.074029 -0.955063
47.10576 -0.99397
47.0812 -0.931161
47.0812 -0.931161
47.0812 -0.931161
47.0812 -0.931161
47.094843 -0.988428
48.136992 11.575494
48.135862 11.57947
48.129613 11.601544
48.130103 11.60041
48.129752 11.584711
48.13008 11.584386
48.130064 11.583883
48.130589 11.582836
48.130589 11.582836
48.12204 11.569378
48.12759 11.558642
48.418667 11.747375
48.40165 11.748404
48.40165 11.748404
48.399785 11.730251
48.399789 11.730218
47.391036 8.170254
47.392113 8.184587
47.391914 8.185029
47.391914 8.185029
46.542374 6.837501
46.539509 6.837
46.534657 6.832721
46.532818 6.832149
46.529472 6.831109
46.532471 6.832392
38.343586 -0.478389
51.920249 4.490278
51.920249 4.490278
51.920249 4.490278
51.920101 4.489906
51.920227 4.489796
51.92019 4.489684
51.920867 4.48902
53.222396 6.581363
53.23106 6.467181
53.23106 6.467181
53.23106 6.467181
47.620646 -122.349001
47.62063 -122.349475
47.665911 -122.398608
47.665655 -122.39687
38.435619 -123.120535
38.471518 -123.159173
38.511604 -123.232052
38.511661 -123.232027
38.509532 -123.236061
38.509415 -123.236197
38.509457 -123.236221
38.512285 -123.233058
38.512286 -123.23305
38.757472 -123.517865
38.757445 -123.517806
38.75762 -123.518134
38.760958 -123.530692
38.767381 -123.530959
38.76739 -123.530941
38.565927 -123.319123
38.569058 -123.325174
38.565845 -123.329442
38.565899 -123.329386
38.565542 -123.332376
38.493801 -123.197236
38.489531 -123.189466
38.489435 -123.189507
38.471585 -123.158103
38.47472 -123.154941
38.391267 -123.085807
38.380266 -123.080119
37.832425 -122.481388
37.336329 -122.036144
37.336329 -122.036144
37.336329 -122.036144
37.336329 -122.036144
40.759047 -119.217127
40.762132 -119.225352
40.770938 -119.228387
40.767569 -119.228343
40.759047 -119.217127
40.759047 -119.217127
40.77523 -119.222219
40.759047 -119.217127
40.759047 -119.217127
37.80516 -122.29077
37.80516 -122.29077
37.783478 -122.471447
37.787084 -122.471517
37.787063 -122.471551
37.787081 -122.471559
37.787078 -122.471538
37.787074 -122.471592
37.787074 -122.471592
37.787072 -122.471552
39.90857 116.447811
39.907504 116.44957
39.90738 116.421863
39.898921 116.391565
39.894346 116.388285
39.894337 116.388383
39.905287 116.391484
39.905064 116.390835
40.101875 116.217549
40.101881 116.217554
40.101842 116.217476
40.10185 116.217474
40.101639 116.217216
40.101941 116.216849
40.102114 116.216711
40.10219 116.21637
39.91048 116.44104
39.91048 116.44104
39.909095 116.45091
39.902752 116.462656
39.902603 116.468313
39.902787 116.468368
39.903496 116.465405
39.882386 116.408242
39.882211 116.406903
39.906667 116.391953
39.907014 116.39114
39.907439 116.391211
39.91257 116.391294
39.913567 116.389736
39.917595 116.391101
39.923466 116.393135
39.923477 116.390306
39.923377 116.390608
39.921854 116.446907
39.917469 116.445922
39.89844 116.39542
39.89844 116.39542
39.89844 116.39542
39.89844 116.39542
39.89844 116.39542
39.89844 116.39542
39.935883 116.389741
39.937461 116.380383
39.936909 116.378437
39.931785 116.374279
39.946953 116.462861
40.456301 116.506942
40.456246 116.506861
40.456705 116.508069
40.45681 116.50812
40.45678 116.508101
40.456887 116.508342
40.456817 116.508089
40.456771 116.508075
40.456872 116.508338
39.939762 116.416244
39.941704 116.419505
39.941162 116.419759
39.941199 116.42144
39.941196 116.421885
39.946213 116.411123
39.947184 116.411255
39.929334 116.434212
39.911963 116.444814
39.912459 116.448247
39.911578 116.448536
-24.297433 131.603705
47.606373 -122.332943
47.606373 -122.332943
47.606373 -122.332943
47.606373 -122.332943
49.300848 -123.130949
49.300334 -123.131355
49.300846 -123.131523
49.301957 -123.123488
49.300777 -123.131394
49.300777 -123.131394
48.671895 -122.412581
48.671895 -122.412581
48.671945 -122.412128
48.670922 -122.411995
47.650956 -122.347299
47.650956 -122.347299
45.484087 -123.84477
45.484047 -123.844748
45.426958 -123.824346
44.280606 -124.099841
44.282117 -124.106345
44.282146 -124.106391
44.282246 -124.106434
44.282246 -124.106434
44.27795 -124.112734
44.27778 -124.112911
44.125639 -124.125797
44.12562 -124.125513
44.106507 -124.121854
42.742697 -124.492557
42.742094 -124.493409
42.118115 -124.353027
41.323169 -124.037736
41.281018 -124.093669
40.324997 -123.926129
39.8585 -123.71915
39.648015 -123.783103
39.570826 -123.772246
39.164348 -123.738783
38.773307 -123.536054
38.391217 -123.08585
37.909439 23.713234
37.969513 23.733807
37.96941 23.732264
37.97089 23.725038
37.97168 23.725893
37.971137 23.726481
37.971225 23.727364
37.971853 23.728066
37.971807 23.726951
37.972063 23.726113
37.97137 23.724412
37.975724 23.730286
37.89436 23.721604
37.96904 23.7338
37.904759 23.719209
37.904759 23.719209
37.904759 23.719209
37.44445 -122.160507
37.44445 -122.160507
21.981375 -159.669078
22.071455 -159.661913
22.071827 -159.661563
22.141205 -159.649148
22.142499 -159.653504
22.144695 -159.658209
22.149751 -159.672175
22.152936 -159.680245
22.153212 -159.680572
22.153536 -159.680498
22.147896 -159.684022
22.146845 -159.690177
22.146953 -159.690316
22.146576 -159.690825
22.146911 -159.692361
22.150754 -159.697068
22.150404 -159.696662
22.149905 -159.696472
22.146759 -159.692194
22.145396 -159.691004
22.143666 -159.686597
22.136167 -159.670085
22.129338 -159.659423
21.876051 -159.438459
21.876051 -159.438459
21.983264 -159.344351
22.016291 -159.620404
22.016291 -159.620404
22.081263 -159.63968
22.168936 -159.684089
22.170949 -159.68137
22.173125 -159.676128
22.173132 -159.673245
22.067779 -159.47714
22.068024 -159.486656
22.068024 -159.486656
22.026147 -159.376488
21.983446 -159.344682
21.983446 -159.344682
21.94679 -159.368372
21.94679 -159.368372
21.945883 -159.374784
21.94563 -159.378949
21.94563 -159.378949
21.945649 -159.378988
21.942228 -159.394741
21.940844 -159.396313
21.940631 -159.396516
21.94077 -159.396085
21.94077 -159.396085
21.94077 -159.396085
21.94077 -159.396085
21.94077 -159.396085
21.93933 -159.40991
21.939311 -159.409933
21.948672 -159.415113
21.948759 -159.415165
21.949233 -159.416525
21.949233 -159.416525
21.949233 -159.416525
21.949233 -159.416525
21.948678 -159.416695
13.764512 100.495128
13.764512 100.495128
13.764512 100.495128
13.764512 100.495128
13.764512 100.495128
13.764512 100.495128
13.764512 100.495128
13.752136 100.501419
13.752102 100.501511
13.766871 100.514518
13.775981 100.511314
13.768359 100.510935
13.760903 100.496725
13.760903 100.496725
19.910741 99.828965
19.910741 99.828965
19.910741 99.828965
19.910741 99.828965
19.910741 99.828965
20.276436 100.410694
20.276436 100.410694
20.285039 100.406808
20.199236 100.453567
20.199236 100.453567
20.199236 100.453567
20.199236 100.453567
20.113125 100.593134
19.971453 100.578095
19.971453 100.578095
19.839489 100.713514
19.839489 100.713514
19.891769 101.129803
19.891786 101.129146
19.894682 101.131592
19.892998 101.133708
19.894958 101.131656
19.894958 101.131656
19.891549 101.128919
19.891549 101.128919
19.891549 101.128919
19.891549 101.128919
19.891549 101.128919
19.891549 101.128919
19.891549 101.128919
19.891549 101.128919
19.891808 101.129162
19.822513 101.271706
19.969913 101.882771
20.049175 102.044117
20.07206 102.084342
20.049672 102.210876
19.904494 102.152217
19.899788 102.143409
19.897793 102.142834
19.847205 102.080344
19.846629 102.079777
19.829771 102.030234
19.763257 101.983953
19.749302 101.993402
19.749147 101.991629
19.749379 101.991725
19.749924 101.992595
19.76625 101.98323
19.777103 101.976781
19.796592 101.99259
19.796592 101.99259
19.814572 102.007183
19.814572 102.007183
19.814572 102.007183
19.815324 102.007426
19.815324 102.007426
19.815324 102.007426
19.828283 102.061676
19.749147 101.991629
19.886018 102.132399
19.864496 102.230767
19.864463 102.230867
19.857289 102.22647
19.842964 102.220803
19.842964 102.220803
19.844372 102.219924
19.844462 102.219823
19.844462 102.219823
19.844653 102.219913
19.844622 102.219925
19.844766 102.220036
19.845977 102.220115
19.846738 102.220897
19.846738 102.220897
19.847651 102.225399
19.847651 102.225399
19.847672 102.225686
19.852825 102.228324
19.863243 102.23219
19.863221 102.232204
19.863209 102.23219
19.864542 102.230587
19.86371 102.229377
19.892077 102.137932
19.890151 102.136939
19.846738 102.220897
19.885148 102.136161
19.885148 102.136161
19.744224 102.198739
19.711975 102.191628
19.711975 102.191628
19.699993 102.195118
19.699446 102.199162
19.693319 102.20049
19.669195 102.194335
19.655872 102.209705
19.644928 102.196602
19.557229 102.231313
19.557256 102.230886
19.557256 102.230886
19.557256 102.230886
19.557256 102.230886
19.557256 102.230886
19.557256 102.230886
19.551785 102.236611
19.557657 102.333788
19.544489 102.340747
19.525674 102.399791
19.442086 102.423183
19.437565 102.424568
19.389338 102.427211
19.388003 102.429677
19.373375 102.434604
19.373511 102.434494
19.36848 102.429468
19.346921 102.400882
19.326297 102.358639
19.227293 102.253188
19.227293 102.253188
19.219192 102.249746
19.174265 102.232049
19.141604 102.311872
19.108713 102.391291
19.060033 102.43023
19.011557 102.446266
19.000465 102.448694
18.958028 102.447797
18.941396 102.44839
18.924803 102.449167
18.924803 102.449167
18.925299 102.447517
18.925566 102.446168
18.926198 102.447218
18.926198 102.447218
18.925519 102.449198
18.925519 102.449198
18.925474 102.449219
18.925474 102.449219
18.65523 102.337033
18.638119 102.326679
18.526012 102.425104
18.485559 102.473739
18.511419 102.505724
18.520466 102.509321
18.528139 102.54461
18.525925 102.552385
18.521745 102.55594
18.363708 102.575718
18.359975 102.64982
18.19606 102.672687
18.168811 102.622095
18.006271 102.645951
18.00623 102.645964
17.996602 102.64165
17.970423 102.618422
17.970423 102.618422
17.97012 102.618041
17.964013 102.605293
17.976264 102.634203
17.976264 102.634203
17.976264 102.634203
17.976264 102.634203
17.976264 102.634203
17.976264 102.634203
17.976264 102.634203
17.976264 102.634203
17.976264 102.634203
17.976264 102.634203
17.976264 102.634203
17.976264 102.634203
17.976264 102.634203
17.976264 102.634203
17.970649 102.618728
17.970649 102.618728
17.965726 102.614445
17.962424 102.608633
17.964932 102.605542
17.965623 102.606148
17.965789 102.606061
17.965789 102.606061
17.965789 102.606061
17.965789 102.606061
17.965789 102.606061
17.961643 102.611593
17.965243 102.609968
17.965048 102.605575
17.964079 102.605218
17.964079 102.605218
17.964073 102.60524
17.975876 102.56951
17.975876 102.56951
17.975876 102.56951
14.356446 100.567789
14.3568 100.568076
14.3569 100.568079
14.356774 100.568146
14.356778 100.568222
14.356856 100.567061
14.356922 100.566608
14.355893 100.557828
14.355875 100.558024
14.355616 100.557945
14.355254 100.558875
14.354513 100.557646
14.354038 100.557562
14.354018 100.557678
14.350617 100.546122
14.376945 100.569346
14.506712 101.379678
14.489305 101.386896
14.453805 101.359826
14.451241 101.367308
14.430546 101.409785
14.435117 101.413695
14.435002 101.413834
14.435669 101.413736
14.435622 101.413495
14.435521 101.414175
14.435528 101.414237
14.365612 101.406864
14.365612 101.406864
14.365612 101.406864
14.365518 101.40688
14.44224 101.374331
14.549309 101.545459
14.549305 101.545372
14.549374 101.546936
14.549426 101.54689
14.549388 101.546866
13.752322 100.490991
13.752322 100.490991
13.752322 100.490991
13.746471 100.491096
13.746471 100.491096
13.745804 100.553316
13.763663 100.493861
13.763854 100.495173
38.891728 -77.023518
40.759416 -73.991836
41.138072 -73.297091
37.3227 -121.9872
37.3227 -121.9872
37.769472 -122.433465
37.769472 -122.433465
37.769472 -122.433465
37.769472 -122.433465
43.051245 -73.805496
43.090551 -73.76917
43.572809 -73.606863
43.572809 -73.606863
42.356536 -71.064205
42.266234 -71.143813
42.266234 -71.143813
42.423837 -70.451415
42.424775 -70.451802
42.424775 -70.451802
42.424352 -70.449871
42.359817 -71.049621
42.360047 -71.051888
46.051579 14.505532
46.051756 14.505436
46.420094 15.853842
46.420094 15.853842
46.420094 15.853842
46.420094 15.853842
46.395618 15.662041
46.395618 15.662041
46.053727 14.507139
46.048322 14.50538
46.046534 14.505168
46.049342 14.502592
46.05477 14.511175
45.529503 13.568703
45.529453 13.56872
45.525329 13.583815
45.52534 13.583517
45.52534 13.583517
45.52534 13.583517
45.52534 13.583517
45.52534 13.583517
45.661776 13.988784
45.665635 13.988911
45.68141 13.969709
45.681865 13.965394
45.681865 13.965394
45.681865 13.965394
45.681865 13.965394
45.681865 13.965394
37.785226 -122.427435
37.76573 -122.457068
37.76573 -122.457068
37.76573 -122.457068
37.76573 -122.457068
37.76573 -122.457068
37.76573 -122.457068
37.76573 -122.457068
37.76573 -122.457068
37.76573 -122.457068
37.76573 -122.457068
37.76573 -122.457068
37.76573 -122.457068
37.76573 -122.457068
37.76573 -122.457068
37.76573 -122.457068
37.76573 -122.457068
37.76573 -122.457068
37.76573 -122.457068
37.76573 -122.457068
37.76573 -122.457068
37.76573 -122.457068
37.76573 -122.457068
37.76573 -122.457068
37.76573 -122.457068
37.76573 -122.457068
37.76573 -122.457068
37.771156 -122.437166
37.76573 -122.457068
37.76573 -122.457068
37.76573 -122.457068
22.136455 -159.671545
37.76573 -122.457068
37.773954 -122.417146
37.773954 -122.417146
37.773954 -122.417146
37.773954 -122.417146
37.773954 -122.417146
37.773954 -122.417146
37.773954 -122.417146
37.752362 -122.418787
37.752362 -122.418787
37.752362 -122.418787
37.752362 -122.418787
37.752362 -122.418787
37.752362 -122.418787
37.752362 -122.418787
37.752362 -122.418787
37.752362 -122.418787
37.752362 -122.418787
37.752362 -122.418787
37.752362 -122.418787
37.752362 -122.418787
37.752362 -122.418787
37.752362 -122.418787
37.752362 -122.418787
37.752362 -122.418787
37.752362 -122.418787
37.752362 -122.418787
37.752362 -122.418787
37.752362 -122.418787
37.752362 -122.418787
37.752362 -122.418787
37.752362 -122.418787
37.752362 -122.418787
37.752362 -122.418787
37.752362 -122.418787
37.752362 -122.418787
37.752362 -122.418787
37.752362 -122.418787
37.752362 -122.418787
37.752362 -122.418787
37.752362 -122.418787
37.787567 -122.409649
37.49296 -122.13609
37.494516 -122.137995
37.494516 -122.137995
37.494516 -122.137995
37.494516 -122.137995
37.494516 -122.137995
37.494516 -122.137995
37.494516 -122.137995
37.494229 -122.138875
37.494229 -122.138875
37.493709 -122.13961
37.494237 -122.13881
37.494399 -122.138867
37.494628 -122.138592
37.494818 -122.138597
37.494837 -122.138353
37.494237 -122.13881
37.494148 -122.138781
37.493897 -122.139627
37.493982 -122.138736
37.494126 -122.138049
37.494302 -122.137618
37.494252 -122.137079
37.494288 -122.137092
37.494275 -122.137088
37.752328 -122.418865
37.752328 -122.418865
37.752328 -122.418865
37.752328 -122.418865
37.752328 -122.418865
37.752328 -122.418865
37.752328 -122.418865
37.752328 -122.418865
37.76573 -122.457068
37.76573 -122.457068
37.76573 -122.457068
37.76573 -122.457068
37.76573 -122.457068
37.76573 -122.457068
37.76573 -122.457068
37.76573 -122.457068
37.76573 -122.457068
37.76573 -122.457068
37.76573 -122.457068
37.76573 -122.457068
37.76573 -122.457068
37.76573 -122.457068
37.76573 -122.457068
37.76573 -122.457068
37.76573 -122.457068
37.76573 -122.457068
37.752328 -122.418865
37.752328 -122.418865
37.752328 -122.418865
37.752328 -122.418865
37.752328 -122.418865
37.752328 -122.418865
37.752328 -122.418865
37.752328 -122.418865
37.752328 -122.418865
37.752328 -122.418865
36.016231 -114.737271
36.016231 -114.737271
36.016231 -114.737271
36.01611 -114.740365
36.01657 -114.737978
36.016311 -114.737514
36.016231 -114.737271
36.016231 -114.737271
36.015979 -114.736953
36.015979 -114.736953
36.015979 -114.736953
36.014901 -114.73685
36.016049 -114.740611
36.015885 -114.740798
28.376884 -81.55004
37.770604 -122.434151
37.771043 -122.431795
37.759036 -122.403992
37.759036 -122.403992
37.759036 -122.403992
37.759036 -122.403992
37.758813 -122.404074
37.758813 -122.404074
37.758813 -122.404074
37.758813 -122.404074
37.758813 -122.404074
37.758813 -122.404074
37.758813 -122.404074
37.758741 -122.4039
37.758741 -122.4039
37.758741 -122.4039
37.758741 -122.4039
37.758741 -122.4039
37.758741 -122.4039
37.758741 -122.4039
37.758741 -122.4039
37.759433 -122.403064
37.759433 -122.403064
37.759433 -122.403064
37.759433 -122.403064
37.759433 -122.403064
37.759433 -122.403064
37.759433 -122.403064
37.759433 -122.403064
37.758767 -122.403915
37.758767 -122.403915
37.758767 -122.403915
37.758767 -122.403915
37.758725 -122.403847
37.758725 -122.403847
37.758725 -122.403847
37.758725 -122.403847
37.758725 -122.403847
37.758725 -122.403847
37.758725 -122.403847
37.758725 -122.403847
37.758725 -122.403847
37.758725 -122.403847
37.758725 -122.403847
37.758725 -122.403847
37.758725 -122.403847
37.758725 -122.403847
37.758725 -122.403847
37.758644 -122.403957
37.758651 -122.403921
37.75864 -122.403951
37.75864 -122.403951
37.75864 -122.403951
37.75864 -122.403951
37.75864 -122.403951
37.75864 -122.403951
37.757904 -122.402974
37.757904 -122.402974
37.757904 -122.402974
37.757904 -122.402974
37.757667 -122.403612
37.764187 -122.432852
37.764187 -122.432852
37.751848 -122.420854
37.765705 -122.457119
37.765625 -122.457036
37.765625 -122.457036
37.765625 -122.457036
37.350627 -121.947495
37.350627 -121.947495
37.350627 -121.947495
37.350627 -121.947495
37.350627 -121.947495
37.350627 -121.947495
37.765625 -122.457036
37.765625 -122.457036
37.765625 -122.457036
37.765625 -122.457036
37.765625 -122.457036
37.765625 -122.457036
37.765625 -122.457036
37.765625 -122.457036
37.765625 -122.457036
37.765625 -122.457036
37.765625 -122.457036
37.765625 -122.457036
37.765625 -122.457036
37.765625 -122.457036
37.765625 -122.457036
37.765625 -122.457036
37.765625 -122.457036
37.765625 -122.457036
37.765625 -122.457036
37.765625 -122.457036
37.765698 -122.457111
37.765698 -122.457111
37.765625 -122.457036
37.765698 -122.457111
37.765698 -122.457111
37.765625 -122.457036
37.765625 -122.457036
37.765625 -122.457036
37.765625 -122.457036
37.765625 -122.457036
37.765625 -122.457036
37.765625 -122.457036
37.765625 -122.457036
37.765625 -122.457036
37.765625 -122.457036
37.765625 -122.457036
37.765625 -122.457036
37.765625 -122.457036
37.765625 -122.457036
37.765625 -122.457036
37.765625 -122.457036
37.765625 -122.457036
37.765625 -122.457036
37.765625 -122.457036
37.765625 -122.457036
37.765625 -122.457036
37.765625 -122.457036
37.765625 -122.457036
37.765625 -122.457036
37.765625 -122.457036
37.765625 -122.457036
37.765625 -122.457036
37.765625 -122.457036
37.765625 -122.457036
37.765625 -122.457036
37.765625 -122.457036
37.765625 -122.457036
37.765625 -122.457036
37.765625 -122.457036
37.765625 -122.457036
37.765625 -122.457036
37.765625 -122.457036
37.765625 -122.457036
37.765625 -122.457036
37.765625 -122.457036
37.765625 -122.457036
37.765625 -122.457036
37.765625 -122.457036
37.765625 -122.457036
37.765625 -122.457036
37.765625 -122.457036
37.765625 -122.457036
37.875192 -122.238455
37.87378 -122.238149
37.87378 -122.238149
37.87378 -122.238149
37.87378 -122.238149
37.873941 -122.237159
37.873941 -122.237159
37.873941 -122.237159
37.873941 -122.237159
37.873941 -122.237159
37.873941 -122.237159
37.873941 -122.237159
37.873941 -122.237159
37.873941 -122.237159
37.873941 -122.237159
37.873941 -122.237159
37.874013 -122.238079
37.874013 -122.238079
37.874692 -122.237964
37.874754 -122.237789
37.874875 -122.238232
37.875175 -122.238546
37.875175 -122.238546
37.760569 -122.426791
37.760508 -122.426833
37.760538 -122.426811
37.760496 -122.426835
37.760503 -122.426842
37.760503 -122.426842
37.760538 -122.426848
37.760538 -122.426848
37.760631 -122.426728
37.760758 -122.426569
57.477 -4.224931
57.477 -4.224931
57.477 -4.224931
57.477551 -4.224656
57.474459 -4.232681
57.479224 -4.227387
58.612362 -3.545458
58.898357 -3.442709
58.907081 -3.435852
58.925887 -3.415744
58.962549 -3.294886
58.975973 -3.278314
58.976006 -3.278418
58.976736 -3.281133
58.962156 -3.29957
58.993827 -3.208192
59.000831 -3.229667
59.001349 -3.228543
59.0046 -3.231886
59.002894 -3.230401
59.000816 -3.232144
59.001033 -3.229506
59.001074 -3.229264
58.997079 -3.215303
58.997019 -3.215171
58.997487 -3.215196
58.997378 -3.215902
58.996886 -3.213394
58.995214 -3.210368
58.96383 -3.298775
58.948225 -3.284657
59.183043 -3.048832
59.183724 -3.051198
59.183886 -3.051132
59.183604 -3.050518
59.174583 -3.080154
59.174672 -3.079657
59.174698 -3.080311
59.156356 -3.099053
59.156697 -3.099613
59.157222 -3.099651
59.131495 -3.005165
59.123729 -3.004044
58.963779 -3.295705
58.975432 -3.288493
58.977402 -3.283198
58.981436 -2.960154
58.981953 -2.964522
58.981953 -2.964522
58.981286 -2.959494
37.760151 -122.423536
58.977297 -2.950795
58.977108 -2.951071
58.976996 -2.950815
58.975896 -2.953076
58.975802 -2.952895
58.975794 -2.952967
58.975751 -2.952696
58.975665 -2.952564
58.975605 -2.952667
58.975527 -2.952313
58.976049 -2.951185
58.975977 -2.951061
58.975964 -2.950991
58.976177 -2.95116
58.975968 -2.953007
58.976171 -2.951092
58.976515 -2.95314
58.976926 -2.952793
58.976963 -2.951505
58.977181 -2.95301
58.977592 -2.952823
58.978185 -2.952261
58.978175 -2.952218
58.9657 -3.2961
58.965682 -3.296035
59.048831 -3.341527
59.048865 -3.342377
58.979059 -3.286587
58.979059 -3.286587
58.979059 -3.286587
37.531048 -121.913669
58.965005 -3.297957
58.963527 -3.304468
58.961965 -3.303494
58.960984 -3.303784
58.957514 -3.30733
58.957514 -3.30733
58.95782 -3.300952
58.957848 -3.301028
58.962712 -3.294752
58.962748 -3.29484
58.959956 -3.296705
57.879385 -4.028466
55.94406 -3.162057
55.945699 -3.218041
55.943538 -3.219476
55.957969 -3.180887
37.531048 -121.913669
37.531048 -121.913669
37.531048 -121.913669
37.531048 -121.913669
37.531048 -121.913669
37.531048 -121.913669
37.531048 -121.913669
37.531048 -121.913669
37.531048 -121.913669
37.771616 -122.467397
37.772203 -122.466989
37.772389 -122.46474
37.773656 -122.459854
37.531048 -121.913669
37.531048 -121.913669
37.531048 -121.913669
37.765271 -122.438822
37.765172 -122.438687
37.765172 -122.438687
37.765172 -122.438687
37.765171 -122.438693
37.765171 -122.438693
37.765182 -122.438698
37.765161 -122.4387
37.765165 -122.43871
37.76517 -122.43871
37.765165 -122.43869
37.765162 -122.438702
37.765147 -122.438696
37.76528 -122.438827
37.760277 -122.4274
37.760216 -122.427435
37.760266 -122.427452
37.760266 -122.427452
37.760266 -122.427452
37.760231 -122.427394
37.760232 -122.427391
37.760237 -122.427385
37.760297 -122.427363
37.76021 -122.42744
37.760233 -122.427399
37.760251 -122.427369
37.760259 -122.427386
37.760278 -122.427393
37.760278 -122.427393
37.760278 -122.427393
37.769955 -122.46833
37.770041 -122.46834
37.769945 -122.468395
37.769945 -122.468395
37.769961 -122.468321
37.769964 -122.46824
37.769875 -122.46851
37.769875 -122.46851
37.769925 -122.468317
37.769925 -122.468317
37.7654 -122.456969
37.7654 -122.456969
37.7654 -122.456969
37.7654 -122.456969
37.7654 -122.456969
37.7654 -122.456969
37.7654 -122.456969
37.7654 -122.456969
37.7654 -122.456969
37.7654 -122.456969
37.7654 -122.456969
37.786335 -122.440468
37.786335 -122.440468
37.786335 -122.440468
37.786335 -122.440468
37.786335 -122.440468
37.786335 -122.440468
37.786335 -122.440468
37.786335 -122.440468
37.786335 -122.440468
37.786335 -122.440468
37.881674 -122.277234
37.881674 -122.277234
37.881674 -122.277234
37.881674 -122.277234
37.881674 -122.277234
37.881674 -122.277234
37.881674 -122.277234
37.881674 -122.277234
37.881674 -122.277234
37.881674 -122.277234
37.881674 -122.277234
37.881674 -122.277234
37.896921 -122.641719
37.749643 -122.396539
37.749643 -122.396539
37.749643 -122.396539
37.771299 -122.430385
37.787567 -122.409649
37.787567 -122.409649
37.787567 -122.409649
37.787567 -122.409649
37.787567 -122.409649
37.787567 -122.409649
37.787567 -122.409649
37.787567 -122.409649
37.787567 -122.409649
37.787567 -122.409649
37.787567 -122.409649
37.787567 -122.409649
37.811138 -122.411202
37.366691 -122.247327
37.29606 -122.167534
37.296071 -122.167505
37.29607 -122.167967
37.296065 -122.167861
37.296239 -122.167417
37.296083 -122.167841
37.296292 -122.165765
37.206776 -122.333982
37.209396 -122.333895
37.207994 -122.333089
37.183509 -122.386226
37.183471 -122.386161
37.183503 -122.386242
37.183484 -122.386171
37.765625 -122.457036
37.765625 -122.457036
37.765625 -122.457036
37.765625 -122.457036
37.765625 -122.457036
37.765625 -122.457036
37.765625 -122.457036
37.765625 -122.457036
37.765625 -122.457036
37.765625 -122.457036
37.765625 -122.457036
37.765625 -122.457036
37.765625 -122.457036
37.765625 -122.457036
37.765625 -122.457036
37.765625 -122.457036
37.765625 -122.457036
37.769388 -122.432333
37.767836 -122.432425
37.767522 -122.433278
37.767545 -122.433332
37.767427 -122.433356
37.767311 -122.433334
37.767248 -122.43335
37.766022 -122.431663
37.765574 -122.431176
37.765357 -122.430933
37.765348 -122.431009
37.764489 -122.430563
37.766961 -122.429137
37.765625 -122.457036
37.765625 -122.457036
37.765625 -122.457036
37.765625 -122.457036
37.765625 -122.457036
37.765625 -122.457036
37.765625 -122.457036
37.765625 -122.457036
37.765625 -122.457036
37.765625 -122.457036
37.765625 -122.457036
37.765625 -122.457036
37.765625 -122.457036
37.765625 -122.457036
37.765625 -122.457036
37.765625 -122.457036
37.765625 -122.457036
37.765625 -122.457036
37.765625 -122.457036
37.765625 -122.457036
37.765625 -122.457036
37.765625 -122.457036
37.765587 -122.456887
37.787567 -122.409649
37.787567 -122.409649
37.787567 -122.409649
37.787567 -122.409649
37.86908 -122.260907
37.86908 -122.260907
37.86908 -122.260907
37.86908 -122.260907
37.86908 -122.260907
37.86908 -122.260907
37.86908 -122.260907
37.86908 -122.260907
37.86908 -122.260907
37.86908 -122.260907
37.86908 -122.260907
37.86908 -122.260907
37.86908 -122.260907
37.86908 -122.260907
37.787567 -122.409649
37.787567 -122.409649
37.787567 -122.409649
37.787567 -122.409649
37.787567 -122.409649
37.787567 -122.409649
37.787567 -122.409649
37.787567 -122.409649
37.787567 -122.409649
37.787567 -122.409649
37.787567 -122.409649
37.735757 -122.50795
37.11498 -122.328349
37.787567 -122.409649
37.787567 -122.409649
39.909095 116.45091
37.765574 -122.457052
37.765574 -122.457052
37.769545 -122.432464
37.788047 -122.40754
37.787567 -122.409649
37.787567 -122.409649
37.787567 -122.409649
37.787567 -122.409649
37.787567 -122.409649
37.759593 -122.426507
37.759593 -122.426507
37.759593 -122.426507
37.759593 -122.426507
37.759593 -122.426507
37.759593 -122.426507
37.759593 -122.426507
37.759593 -122.426507
37.759593 -122.426507
37.759593 -122.426507
37.759593 -122.426507
37.765625 -122.457036
37.787567 -122.409649
37.788047 -122.40754
37.769545 -122.432464
37.771975 -122.46479
37.776202 -122.415166
37.765625 -122.457036
47.560381 -122.288067
47.560381 -122.288067
47.560381 -122.288067
47.560381 -122.288067
47.560381 -122.288067
47.560381 -122.288067
47.560381 -122.288067
47.560381 -122.288067
47.560381 -122.288067
47.560381 -122.288067
47.560381 -122.288067
37.765405 -122.457001
37.765405 -122.457001
37.765405 -122.457001
37.765405 -122.457001
37.765405 -122.457001
37.765405 -122.457001
37.765405 -122.457001
37.765405 -122.457001
37.765625 -122.457036
37.765625 -122.457036
37.765625 -122.457036
37.765625 -122.457036
37.765625 -122.457036
37.765625 -122.457036
37.765625 -122.457036
37.765625 -122.457036
37.765625 -122.457036
37.765625 -122.457036
37.765625 -122.457036
37.765625 -122.457036
37.765625 -122.457036
37.765625 -122.457036
37.765625 -122.457036
37.765625 -122.457036
37.765625 -122.457036
37.765625 -122.457036
37.765625 -122.457036
37.765625 -122.457036
37.765625 -122.457036
37.765625 -122.457036
37.765625 -122.457036
37.765625 -122.457036
37.765625 -122.457036
37.765625 -122.457036
37.765625 -122.457036
37.765625 -122.457036
37.765625 -122.457036
37.765625 -122.457036
37.765625 -122.457036
37.765625 -122.457036
37.765625 -122.457036
37.765625 -122.457036
37.765625 -122.457036
37.765625 -122.457036
37.765625 -122.457036
37.765625 -122.457036
37.771025 -122.432038
37.765625 -122.457036
37.771151 -122.430845
37.752328 -122.418865
37.752328 -122.418865
37.752328 -122.418865
37.752328 -122.418865
37.752328 -122.418865
37.733333 -122.503955
37.73305 -122.504017
37.732048 -122.504555
37.732042 -122.504532
37.732029 -122.504497
37.731627 -122.504885
37.731811 -122.504932
37.731276 -122.504625
37.73322 -122.499259
37.731726 -122.502432
37.787567 -122.409649
37.787567 -122.409649
37.787567 -122.409649
37.787567 -122.409649
37.722664 -122.304611
38.015944 -121.727486
40.598704 -73.471498
42.696573 -74.398373
43.623277 -73.721952
42.280827 -71.15747
42.2815 -71.15866
42.304101 -71.088513
42.304101 -71.088513
43.074827 -73.783885
41.253965 -73.39268
45.788259 -84.729657
45.788152 -84.729738
45.210354 -85.347817
44.887168 -86.049944
44.892082 -86.056305
44.898891 -86.069852
44.886252 -86.049003
44.883162 -86.04446
44.8826 -86.04331
44.882259 -86.043507
44.882107 -86.043686
44.882276 -86.043545
44.882489 -86.04262
44.882489 -86.04262
44.857775 -86.066617
40.731101 -73.997203
40.731101 -73.997203
40.731101 -73.997203
40.731101 -73.997203
40.731101 -73.997203
40.731101 -73.997203
40.731101 -73.997203
40.731101 -73.997203
40.731101 -73.997203
40.731101 -73.997203
41.240324 -73.391746
41.240314 -73.391829
44.85141 -123.23486
44.85141 -123.23486
44.85141 -123.23486
28.553128 -80.79417
28.553128 -80.79417
37.771023 -122.432027
37.787567 -122.409649
37.787567 -122.409649
37.787567 -122.409649
37.787567 -122.409649
37.787567 -122.409649
37.787567 -122.409649
37.731512 -122.503903
37.732256 -122.50203
37.732256 -122.50203
