-0.2158 -78.5103
-2.18319097 -79.8812561
0.23615 -78.25689
-2.1761 -79.8996
-0.163995 -78.482455
-2.90425473 -79.00141912
-0.14956127 -78.47026073
-1.03333 -78.5667
-2.1761 -79.8996
-2.30569 -78.1135
-0.9733 -80.7018
-2.20404132 -80.97612002
-1.80839 -79.5156
-2.21667 -79.4833
-0.2158 -78.5103
-0.2158 -78.5103
-1.79963619 -79.526422
-0.2158 -78.5103
-2.1761 -79.8996
-0.1400492 -78.5053217
-1.03333333 -79.45
-2.19671673 -79.90201983
-2.12256826 -79.90472211
-2.1761 -79.8996
-2.1761 -79.8996
-3.94894 -79.33196
-0.25 -78.5833
-2.1761 -79.8996
-3.25086665 -79.9597621
-0.1373383 -78.5092769
-0.2158 -78.5103
-3.2626 -79.9553
-2.89160924 -78.9944458
-0.2158 -78.5103
-0.33333333 -79.25
-0.1786239 -78.4922316
-0.195864 -78.49595758
-2.1341899 -79.92167
-1.46666667 -78.81666667
-3.25086665 -79.9597621
-2.91245728 -79.01367886
-2.11140947 -79.90571074
-2.62835 -80.3944099
-0.21972602 -78.43839169
-1.46666667 -78.81666667
-2.17153279 -79.9234128
-2.1761 -79.8996
-2.1833 -79.8833
-1.48009 -78.00261
-2.11140947 -79.90571074
-1.46666667 -78.81666667
-3.94894 -79.33196
-2.08176 -79.920079
-0.95 -80.7333
-2.13917607 -79.90817785
-1.79780371 -80.76000354
-1.02914044 -80.46414614
-2.1761 -79.8996
-2.1761 -79.8996
-2.15557364 -79.83131511
-2.15204165 -79.8863554
-3.9976127 -79.2591279
-2.16545019 -79.89774847
-2.13917607 -79.90817785
-2.21124911 -79.90022032
-2.18834 -79.8958
-2.1761 -79.8996
-2.17153279 -79.9234128
-0.9733 -80.7018
-2.91231077 -79.01521683
-2.1761 -79.8996
0.10812 -76.90976
-2.1761 -79.8996
-3.39466536 -79.08383642
-0.21155071 -78.50156307
-0.2158 -78.5103
-0.20492941 -78.49103831
-1.03333333 -79.45
-2.1761 -79.8996
-3.93714504 -79.22417524
-2.11974885 -79.93253231
-0.2158 -78.5103
0.10812 -76.90976
-2.1761 -79.8996
-2.1761 -79.8996
-2.1761 -79.8996
-2.11140947 -79.90571074
0.10812 -76.90976
-2.1588015 -79.90463568
-4.26679 -81.21201
-1.2584 -78.6241
-0.1373383 -78.5092769
-2.8992 -79.0153
0.10812 -76.90976
-1.67371 -79.63348
-2.92102795 -79.01037083
-3.27153853 -79.9281705
-1.46666667 -78.81666667
-0.2888 -78.47574
-3.9833 -79.2
-1.49 -80.66
-1.49 -80.66
-2.1761 -79.8996
-0.23 -78.52
-0.23 -78.52
-0.2158 -78.5103
-2.0625893 -79.8930898
-2.2 -79.9
-1.23333333 -78.61666667
-0.2158 -78.5103
-2.91668247 -79.01706219
-3.2626 -79.9553
-3.9833 -79.2
-1.46666667 -78.81666667
-2.1761 -79.8996
-1.46666667 -78.81666667
-2.1761 -79.8996
-2.11140947 -79.90571074
-2.1761 -79.8996
-2.1761 -79.8996
-0.2158 -78.5103
-2.1761 -79.8996
-2.15384282 -79.89506721
-2.21240765 -79.93058068
0.0166667 -78.8833
0.10812 -76.90976
-2.1761 -79.8996
-2.1761 -79.8996
-2.17747085 -79.8542628
-1.46666667 -78.81666667
-2.1761 -79.8996
-1.48009 -78.00261
-1.78333 -79.5167
-2.1761 -79.8996
-2.1761 -79.8996
-0.2158 -78.5103
-2.1761 -79.8996
-2.140811 -79.8887204
-2.1761 -79.8996
-2.1761 -79.8996
-0.2158 -78.5103
-2.1577799 -79.89272
-2.11140947 -79.90571074
1.10410481 -76.61554773
-1.03333333 -79.45
-0.46466 -77.8962899
-2.11925775 -79.90614031
-0.2888 -78.47574
-0.2158 -78.5103
-2.0625224 -79.8930291
-2.11667 -79.6833
-0.933333 -79.35
-2.11140947 -79.90571074
-0.2158 -78.5103
-2.1761 -79.8996
-0.2888 -78.47574
-3.94894 -79.33196
-0.2846 -78.440554
-0.2158 -78.5103
-4.00011385 -79.225449
-2.17289009 -79.89953388
-2.1761 -79.8996
-2.22871997 -79.90050765
-2.22871997 -79.90050765
-2.17289009 -79.89953388
-2.17971678 -79.87511969
-3.94894 -79.33196
-0.95 -80.7333
-0.26968852 -78.52973506
-2.11140947 -79.90571074
-2.42639514 -79.34040828
-2.42639514 -79.34040828
-2.13278613 -79.8648119
-0.2158 -78.5103
-2.1761 -79.8996
-1.70472222 -78.84583333
-2.1761 -79.8996
-2.1761 -79.8996
-2.21498 -80.95131
-2.91669 -79.0155
-0.32915415 -78.54107692
-0.32915415 -78.54107692
-2.14225407 -79.86736828
-0.2158 -78.5103
-2.19055196 -79.87867355
-0.2158 -78.5103
-0.8997 -80.41076
-2.91332292 -79.03030522
-2.25723 -79.89196
-2.16157817 -79.89749817
-2.13917607 -79.90817785
-0.8997 -80.41076
-2.21498 -80.95131
-1.6743 -78.6483
-3.2626 -79.9553
-4.00038 -79.20383
-2.18406805 -79.87747489
-2.1733569 -79.9106379
-2.1761 -79.8996
-2.15724137 -79.88936851
-2.1761 -79.8996
-0.92684 -80.2065
-1.46666667 -78.81666667
-2.1761 -79.8996
-2.1761 -79.8996
-0.2055426 -78.4852767
-2.1761 -79.8996
0.3483 -78.1214
-2.32204763 -80.85391814
-2.1761 -79.8996
-2.1761 -79.8996
-0.2158 -78.5103
-0.2158 -78.5103
-2.15549122 -79.89235282
-0.2158 -78.5103
-1.23745268 -78.61923909
-2.8992 -79.0153
-2.1761 -79.8996
-2.11140947 -79.90571074
-0.9733 -80.7018
-0.2158 -78.5103
-2.1761 -79.8996
0.71786 -77.71836
-0.08478712 -78.42319259
-2.1761 -79.8996
-2.13321435 -79.59419332
-0.2158 -78.5103
-0.34678654 -78.44671187
-0.95 -80.7333
-2.16174462 -79.91621674
-2.1761 -79.8996
-0.32915415 -78.54107692
-2.1761 -79.8996
-2.1761 -79.8996
-0.33138 -78.4487599
-2.13200464 -79.88168333
-2.16750164 -79.90322113
-1.25148025 -78.63535885
-2.11140947 -79.90571074
-2.11140947 -79.90571074
-2.1824227 -79.88991698
0.98898864 -79.66010571
-2.1761 -79.8996
-2.11140947 -79.90571074
0.9633 -79.654
-2.11140947 -79.90571074
-0.2158 -78.5103
-1.18455387 -79.50155911
-2.23891952 -79.92446266
-2.1761 -79.8996
-0.2158 -78.5103
-0.93170803 -78.61675408
-2.11140947 -79.90571074
-1.6743 -78.6483
-1.109801 -80.41421325
-1.03333333 -79.45
-0.25 -79.15
-2.20082264 -79.92321968
-2.206603 -79.893758
-0.20498685 -78.50414751
-2.1761 -79.8996
-0.19457376 -78.49159512
-2.8992 -79.0153
0.10812 -76.90976
-3.2626 -79.9553
0.10812 -76.90976
-0.25 -78.5833
0.10812 -76.90976
-0.13936744 -78.47439766
-0.95 -80.7333
0.10812 -76.90976
-4.32668394 -79.55508113
-0.21482825 -79.11665002
-2.2267 -80.8583
-2.91106783 -79.00903702
-2.11766888 -79.90066767
-2.05938693 -79.9074606
0.10812 -76.90976
-2.14857752 -79.86672806
-2.11766888 -79.90066767
-0.17643359 -78.47998923
-0.5 -78.5667
-2.11140947 -79.90571074
-2.1833 -79.8833
0.10812 -76.90976
-0.5 -78.5667
-2.1761 -79.8996
-2.16977185 -79.91453201
-1.6743 -78.6483
-1.24755674 -78.64136847
-0.24829274 -79.15513577
-2.1832474 -79.910484
-2.8992 -79.0153
-2.17949245 -79.87538646
-3.9833 -79.2
-2.1761 -79.8996
-2.42563886 -79.34290013
-2.1761 -79.8996
-2.17949245 -79.87538646
-2.16524322 -79.89693504
-2.1761 -79.8996
-2.1761 -79.8996
-2.09168749 -79.92715897
-2.09168749 -79.92715897
-2.1761 -79.8996
-0.84519617 -80.16480353
-2.0849261 -79.9155761
-2.11140947 -79.90571074
-2.1620381 -79.94451973
-3.2604 -79.9615
-2.1761 -79.8996
-1.05029644 -79.46630766
-0.7084 -80.09447
-2.1761 -79.8996
-0.8485816 -80.16149561
-1.18333 -79.2
-0.8485816 -80.16149561
-1.56146007 -79.53503924
-1.23678538 -78.62217521
-2.20998 -79.88724
-0.9733 -80.7018
-0.08086 -78.42217
-1.2584 -78.6241
-2.18659933 -79.90286684
-2.1761 -79.8996
-2.04000724 -79.86313301
-2.1761 -79.8996
-2.1761 -79.8996
-2.1761 -79.8996
-2.8992 -79.0153
-2.2267 -80.8583
-2.1761 -79.8996
-2.1761 -79.8996
-0.29460124 -78.54792285
-2.92637 -78.77672
-2.1761 -79.8996
0.3483 -78.1214
-2.1761 -79.8996
-2.1194798 -79.94707731
-2.1761 -79.8996
-2.1761 -79.8996
-2.18773961 -79.89309066
-0.46466 -77.8962899
-2.2 -79.9
-2.1194798 -79.94707731
-1.46666667 -78.81666667
0.10812 -76.90976
-2.1194798 -79.94707731
-1.46666667 -78.81666667
-2.1194798 -79.94707731
-2.1194798 -79.94707731
-1.46666667 -78.81666667
-2.14843352 -79.86478831
-2.0779472 -79.9250434
-2.1936 -79.89751
-2.1936 -79.89751
-2.1194798 -79.94707731
-2.1194798 -79.94707731
-2.11140947 -79.90571074
-2.11140947 -79.90571074
-2.14441988 -79.8626494
-3.27153853 -79.9281705
-4.29604 -79.59154
-4.29604 -79.59154
-1.62523712 -74.68388903
-4.29604 -79.59154
-4.29604 -79.59154
-4.29604 -79.59154
-0.29498 -78.48568
-3.32856 -79.80626
-2.15664942 -79.90452283
-1.20784872 -78.60345483
-0.23 -78.52
-0.23 -78.52
-2.15875315 -79.89586115
-3.2626 -79.9553
-3.2626 -79.9553
-2.11140947 -79.90571074
-2.11140947 -79.90571074
-2.11140947 -79.90571074
-2.11140947 -79.90571074
-1.05221944 -80.4506
-1.03333333 -79.45
-2.11140947 -79.90571074
-2.11140947 -79.90571074
-2.07340986 -79.84444857
-0.25 -79.15
-2.21667 -79.4833
-2.13960493 -79.89403725
-2.1761 -79.8996
-0.17643359 -78.47998923
-2.8992 -79.0153
-0.24188425 -78.51585163
-2.1293856 -79.89243329
-1.827492 -79.319668
-1.25702684 -78.63232515
-2.11140947 -79.90571074
-2.11140947 -79.90571074
-0.2158 -78.5103
-0.24188425 -78.51585163
-0.32915415 -78.54107692
-2.1669 -79.89467
-0.2158 -78.5103
-2.1761 -79.8996
-2.1761 -79.8996
-0.2158 -78.5103
-2.86986897 -78.7993274
-0.94967807 -80.72772584
-0.139782 -78.5057919
-2.1761 -79.8996
-2.17183847 -79.90803917
-2.12698985 -79.9635726
-1.46666667 -78.81666667
-2.17183847 -79.90803917
-3.26410138 -79.94403899
-0.18502919 -78.491081
-0.9733 -80.7018
-2.11140947 -79.90571074
-2.1761 -79.8996
-2.16518587 -79.89648342
-0.18502919 -78.491081
-2.1761 -79.8996
-2.1761 -79.8996
-2.04455809 -79.89046465
-0.32915415 -78.54107692
-2.1761 -79.8996
-2.1761 -79.8996
-2.1761 -79.8996
-1.55979131 -80.81330515
-0.95 -80.7333
-0.2846 -78.440554
-2.1761 -79.8996
-2.1761 -79.8996
-3.9833 -79.2
-1.46666667 -78.81666667
-0.2158 -78.5103
-2.18265236 -79.96938788
-3.32856 -79.80626
-1.46666667 -78.81666667
-1.46666667 -78.81666667
-2.14296415 -79.85995153
-1.46666667 -78.81666667
-2.1761 -79.8996
-1.03333333 -79.45
-2.12698985 -79.9635726
-2.20032948 -79.88312602
-2.1761 -79.8996
-0.32905159 -78.47424746
-0.2846 -78.440554
0.9633 -79.654
-1.2584 -78.6241
-2.1833 -79.8833
-0.2055426 -78.4852767
0.3483 -78.1214
-3.4523 -79.96012
-2.1833 -79.8833
0.366667 -78.1167
-1.97705 -79.71823
-2.15384282 -79.89506721
-2.88992 -78.77452
-2.11925775 -79.90614031
-0.08673188 -78.4237361
-1.59097 -78.99999
-2.1375 -79.5964
-2.11140947 -79.90571074
-2.05411592 -79.93096951
-0.2158 -78.5103
-2.1761 -79.8996
-2.07340986 -79.84444857
-2.0881038 -79.93845367
-2.8992 -79.0153
-2.16609688 -79.80564426
-1.03333333 -79.45
-2.17288366 -79.91396338
-1.02753 -79.46775
-2.17897324 -79.89976645
-0.2158 -78.5103
-2.2655254 -79.893407
-2.1761 -79.8996
-1.0281183 -79.4634613
-0.2158 -78.5103
-2.17280806 -79.91053596
-3.4523 -79.96012
-3.2626 -79.9553
-3.2626 -79.9553
0.54569778 -81.00984692
-2.8992 -79.0153
-2.11140947 -79.90571074
-2.1761 -79.8996
-3.94894 -79.33196
-3.94894 -79.33196
-1.23745268 -78.61923909
-2.1761 -79.8996
-3.68038438 -79.68271265
-3.68038438 -79.68271265
-2.68342 -80.28095
-2.11140947 -79.90571074
-0.2158 -78.5103
-0.93333333 -78.61666667
-2.1761 -79.8996
-2.1761 -79.8996
-2.9169182 -79.01708364
-1.68532075 -79.02523409
-2.16579698 -79.92007613
-3.68038438 -79.68271265
0.10812 -76.90976
-0.9733 -80.7018
0.10812 -76.90976
-0.2158 -78.5103
-0.2158 -78.5103
-1.71626466 -79.98690174
-0.25 -79.15
-0.2158 -78.5103
-3.9833 -79.2
0.10812 -76.90976
-3.68038438 -79.68271265
-2.11140947 -79.90571074
-0.2158 -78.5103
-2.1761 -79.8996
-0.2158 -78.5103
-0.2158 -78.5103
-1.78333 -79.5167
-0.21666667 -78.51666667
-2.1761 -79.8996
-2 -77.5
-0.32905159 -78.47424746
-0.32905159 -78.47424746
-3.94894 -79.33196
-2.1761 -79.8996
-2.11140947 -79.90571074
-2.1833 -79.8833
-0.3257847 -78.4695
-0.3257847 -78.4695
-1.46666667 -78.81666667
-0.2158 -78.5103
-1.05221944 -80.4506
-2.23113854 -79.91259989
-2.22903153 -79.94018262
-0.95 -80.7333
-0.1667912 -78.4720891
-2.1761 -79.8996
-0.2158 -78.5103
-1.676752 -78.6440992
-2.11140947 -79.90571074
-1.6743 -78.6483
0.10812 -76.90976
-3.9371533 -79.22413518
0.9633 -79.654
-2.0625152 -79.8930169
-2.1761 -79.8996
-2.22779623 -80.91061592
-0.23 -78.52
0.3483 -78.1214
-2.2 -79.9
-2.0881038 -79.93845367
-2.0881038 -79.93845367
-2.0881038 -79.93845367
-2.11140947 -79.90571074
-0.5880024 -78.55424303
-0.20492941 -78.49103831
-2.0881038 -79.93845367
0.9633 -79.654
-1.46666667 -78.81666667
-1.2584 -78.6241
0.10812 -76.90976
-2.07675 -79.51381
0.81199 -77.72808
-1.46666667 -78.81666667
-0.96066 -80.70285
-2.1761 -79.8996
-2.26384331 -79.88710387
-2.1761 -79.8996
-1.2584 -78.6241
-0.18414943 -78.47570658
-2.1761 -79.8996
-2.1761 -79.8996
-2.1397153 -79.9018359
-2.13594864 -79.90279512
-2.8901727 -79.01927295
-0.84 -80.17
-2.1761 -79.8996
-2.22779623 -80.91061592
-0.2158 -78.5103
-2.06667 -79.9333
-0.21482825 -79.11665002
-1.46666667 -78.81666667
-3.2626 -79.9553
1.14889 -76.6478
-2.1761 -79.8996
-0.17792 -78.35851
-0.21361 -78.38895
-1.76666944 -79.45
-3.4523 -79.96012
-2.22779623 -80.91061592
-1.46666667 -78.81666667
-1.6827868 -78.6502819
-0.2158 -78.5103
-3.2626 -79.9553
-2.1833 -79.8833
-2.1761 -79.8996
-2.11140947 -79.90571074
-1.03333333 -79.45
-2.1761 -79.8996
-2.1761 -79.8996
-0.2158 -78.5103
-2.22779623 -80.91061592
-2.1484393 -79.88367319
-0.2158 -78.5103
-2.20032948 -79.88312602
-2.1761 -79.8996
-2.22779623 -80.91061592
-2.09935412 -79.87488925
-0.2158 -78.5103
-0.1403017 -78.4990605
0.10812 -76.90976
-2.1680673 -79.89393159
-2.8992 -79.0153
-2.17153279 -79.9234128
-2.12833508 -79.88926909
-1.228065 -78.610073
-0.95 -80.7333
-0.2158 -78.5103
-0.75 -78.6
-2.1761 -79.8996
-0.2158 -78.5103
-2.12833508 -79.88926909
-2.89160924 -78.9944458
-1.79780371 -80.76000354
-2.1761 -79.8996
-2.17153279 -79.9234128
-2.12574033 -79.89498591
-3.65619 -79.7225
-1.79963619 -79.526422
-2.12574033 -79.89498591
-2.12574033 -79.89498591
-2.12574033 -79.89498591
-2.16157817 -79.89749817
-0.2158 -78.5103
-1.993893 -79.978838
-1.993893 -79.978838
-2.11140947 -79.90571074
-0.95347057 -80.74007034
-2.1761 -79.8996
-2.14414414 -79.89377429
-0.19457376 -78.49159512
-2.1761 -79.8996
-0.2158 -78.5103
-2.1761 -79.8996
-2.1761 -79.8996
-0.2201641 -78.5123274
-2.11140947 -79.90571074
-2.8992 -79.0153
-2.91231077 -79.01521683
-0.19457376 -78.49159512
-2.1761 -79.8996
-2.1577799 -79.89272
-0.19457376 -78.49159512
-0.1836551 -78.4819473
0.35126835 -78.11968163
-2.14414414 -79.89377429
0.10812 -76.90976
-0.2158 -78.5103
-0.19457376 -78.49159512
-2.1761 -79.8996
-2.1761 -79.8996
-0.2158 -78.5103
-0.2158 -78.5103
-1.46666667 -78.81666667
0.66093529 -76.88865423
-2.14335407 -79.88012886
-2.16174462 -79.91621674
-2.1763497 -79.940853
-1.46666667 -78.81666667
-0.9733 -80.7018
-2.11140947 -79.90571074
-2.07366 -79.89742
-0.9733 -80.7018
-2.07366 -79.89742
-2.1375 -79.5964
-2.1375 -79.5964
-2.1761 -79.8996
-2.14505811 -79.91637199
-2.1484393 -79.88367319
0.366667 -78.1167
-2.1761 -79.8996
-2.1833 -79.8833
-2.1761 -79.8996
-2.1194798 -79.94707731
-0.2158 -78.5103
-0.13213487 -78.4751139
0.9624609 -79.65395541
-3.27153853 -79.9281705
-2.1458895 -79.9458357
-0.3257847 -78.4695
-2.1761 -79.8996
-2.16722864 -79.84882119
-2.1761 -79.8996
-2.1761 -79.8996
0.2178452 -78.2624017
-0.9733 -80.7018
0.34388 -78.13331
-2.1761 -79.8996
-2.1761 -79.8996
-2.11140947 -79.90571074
-2.27412 -80.16996
-2.1761 -79.8996
-3.32856 -79.80626
-2.8931 -78.99411
-0.2846 -78.440554
-2.27412 -80.16996
-2.0625273 -79.893037
-3.25086665 -79.9597621
-2.1761 -79.8996
-0.46466 -77.8962899
-2.1761 -79.8996
-0.2158 -78.5103
-2.1761 -79.8996
-0.2158 -78.5103
-0.60791699 -80.43360735
-2.11140947 -79.90571074
-2.16402483 -79.91593045
-2.91031 -78.99907
-2.1761 -79.8996
-2.1761 -79.8996
-2.1236816 -79.92150099
-2.11140947 -79.90571074
-0.2158 -78.5103
-3.93703968 -79.22399553
-0.7859086 -80.2331684
-0.32915415 -78.54107692
-0.84 -80.17
-2.1375 -79.5964
-0.23 -78.52
-2.1761 -79.8996
-0.95347057 -80.74007034
-2.2 -79.9
-2.1194798 -79.94707731
-0.23 -78.52
-2.2 -79.9
-2.18081727 -79.87399578
-2.19511354 -79.88120241
-2.12055 -79.90231
-2.1761 -79.8996
-2.13200464 -79.88168333
-2.03842975 -79.89537
-2.8992 -79.0153
-2.1833 -79.8833
-0.2158 -78.5103
-2.1761 -79.8996
-0.2158 -78.5103
-0.18726857 -78.5011427
-2.18638208 -79.96451529
-0.25457322 -79.15452733
-0.25 -79.15
-2.11140947 -79.90571074
-2.03842975 -79.89537
-2.8901727 -79.01927295
0.9633 -79.654
-2.19454713 -80.98784646
-2.1761 -79.8996
-2.1761 -79.8996
-2.0625273 -79.893037
0.3483 -78.1214
0.35867 -77.9441
-2.71736737 -79.63581562
-2.1761 -79.8996
-0.2158 -78.5103
-1.46666667 -78.81666667
-0.2158 -78.5103
-2.68342 -80.28095
-0.95002222 -80.7162
-2.09054784 -79.86899947
-2.15557364 -79.83131511
-1.46666667 -78.81666667
-2.19010168 -79.88139868
-0.2158 -78.5103
-3.2626 -79.9553
-2.25233364 -79.89362253
-2.1761 -79.8996
-2.1761 -79.8996
-0.2158 -78.5103
-1.71681 -78.70597
-0.08975818 -78.47054308
-0.2158 -78.5103
-0.30642 -78.41512
-0.93170803 -78.61675408
-0.08975818 -78.47054308
-0.08502946 -78.48728261
-0.2158 -78.5103
-2.8992 -79.0153
-1.02914044 -80.46414614
0.316667 -78.15
-0.30642 -78.41512
-3.2626 -79.9553
-2.16323471 -79.84356689
-2.8992 -79.0153
-1.97705 -79.71823
-1.02914044 -80.46414614
-0.93170803 -78.61675408
-2.20585 -79.90407
-1.02914044 -80.46414614
-2.16359813 -79.89752527
-1.23678538 -78.62217521
-0.25 -78.5833
-1.46666667 -78.81666667
-1.46666667 -78.81666667
-2.16545019 -79.89774847
-2.1761 -79.8996
-2.11140947 -79.90571074
-2.1761 -79.8996
-1.0562 -80.4552
-2.1761 -79.8996
-2.11140947 -79.90571074
-2.16545019 -79.89774847
-2.1761 -79.8996
-2.1761 -79.8996
-2.13388276 -79.90097722
-2.1761 -79.8996
-2.1761 -79.8996
-2.13388276 -79.90097722
-3.25086665 -79.9597621
-0.13936744 -78.47439766
-2.11140947 -79.90571074
-4.06469 -78.95305
-1.0562 -80.4552
-0.14046178 -78.4731102
-0.2158 -78.5103
-0.19360568 -78.48664229
-2.16524322 -79.89693504
-2.1761 -79.8996
-2.20998 -79.88724
-2.11766888 -79.90066767
-3.93696446 -79.22406083
-2.11766888 -79.90066767
-2.11766888 -79.90066767
-0.1214196 -78.4638864
-1.03333333 -79.45
-1.03333333 -79.45
-2.1833 -79.8833
-2.95229836 -79.40746307
-2.1572614 -79.89149853
-2.21487039 -80.07917803
-2.21487039 -80.07917803
-1.2584 -78.6241
-2.1761 -79.8996
-2.1777162 -79.8871807
-2.1975381 -79.9187824
-2.1777162 -79.8871807
-2.1777162 -79.8871807
-2.8992 -79.0153
-2.2 -79.9
-2.1777162 -79.8871807
-2.17938064 -79.90249157
-2.1777162 -79.8871807
-2.14521219 -79.92316067
-2.1777162 -79.8871807
-2.1777162 -79.8871807
-2.1777162 -79.8871807
-0.93333333 -78.61666667
-2.1777162 -79.8871807
-2.95229836 -79.40746307
-3.93709375 -79.22427407
-2.1777162 -79.8871807
-0.2158 -78.5103
-2.21487039 -80.07917803
-2.21487039 -80.07917803
-2.1761 -79.8996
-4.29604 -79.59154
-2.18638208 -79.96451529
-2.21487039 -80.07917803
-0.24829274 -79.15513577
-2.21487039 -80.07917803
-0.919 -77.84105
-2.21487039 -80.07917803
-2.21487039 -80.07917803
-2.21487039 -80.07917803
-2.21487039 -80.07917803
-2.21487039 -80.07917803
-0.16479469 -78.49731445
-1.265991 -78.632791
-2.21487039 -80.07917803
-2.18638208 -79.96451529
-2.18638208 -79.96451529
-2.21487039 -80.07917803
-2.21487039 -80.07917803
-2.21487039 -80.07917803
-2.21487039 -80.07917803
-2.21487039 -80.07917803
-2.21487039 -80.07917803
-2.21487039 -80.07917803
-2.21487039 -80.07917803
-2.21487039 -80.07917803
-2.21487039 -80.07917803
-2.21487039 -80.07917803
-2.21487039 -80.07917803
-2.21487039 -80.07917803
-2.21487039 -80.07917803
-2.21487039 -80.07917803
-2.18638208 -79.96451529
-1.6743 -78.6483
-2.21487039 -80.07917803
-2.21487039 -80.07917803
-2.21487039 -80.07917803
-2.21487039 -80.07917803
-2.21487039 -80.07917803
-2.21487039 -80.07917803
-2.21487039 -80.07917803
-2.21487039 -80.07917803
-2.21487039 -80.07917803
-2.21487039 -80.07917803
-0.2158 -78.5103
-2.21487039 -80.07917803
-1.77 -77.83
-1.77 -77.83
-2.21384609 -79.887517
-1.05221944 -80.4506
-1.05221944 -80.4506
-2.8992 -79.0153
-2.13474404 -79.8695012
-2.14472222 -79.87055556
-2.10801059 -79.86169331
-2.87095019 -78.98193598
-2.87095019 -78.98193598
-2.2 -79.8333
-2.14942666 -79.86122895
-2.14857752 -79.86672806
-0.23 -78.52
-3.32856 -79.80626
-0.23 -78.52
-2.74451 -78.85076
-0.32915415 -78.54107692
-2.11140947 -79.90571074
-1.7995943 -79.54001347
-1.39917028 -78.42121725
-1.39917028 -78.42121725
-3.32856 -79.80626
-2.12698985 -79.9635726
-1.676752 -78.6440992
-0.16479469 -78.49731445
-0.21155071 -78.50156307
-2.1761 -79.8996
-2.1761 -79.8996
-2.1761 -79.8996
-2.1761 -79.8996
-1.6982 -79.85976
-2.8992 -79.0153
-2.1761 -79.8996
-1.2584 -78.6241
-2.19055 -79.92916
-0.25506121 -79.18467333
-2.11140947 -79.90571074
-3.2626 -79.9553
-0.09286173 -78.4511981
-3.2626 -79.9553
-2.07340986 -79.84444857
-1.46666667 -78.81666667
-1.30254 -80.51585
0.86982 -79.84893
-1.30254 -80.51585
-2.29181307 -80.70975175
-0.95769178 -80.74851662
-2.23952733 -79.89070608
-2.1761 -79.8996
-3.2626 -79.9553
-2.11140947 -79.90571074
-2.20434 -79.91294
-2.20082264 -79.92321968
-2.1761 -79.8996
-2.17153279 -79.9234128
-2.23952733 -79.89070608
-2.1761 -79.8996
-2.88333333 -79.0
-0.32915415 -78.54107692
-1.30254 -80.51585
-0.18310095 -78.48438086
-0.2158 -78.5103
-2.21869217 -79.89707136
-0.2158 -78.5103
-1.46666667 -78.81666667
-0.2846 -78.440554
-3.25868633 -79.95892982
0.983333 -79.65
-2.1761 -79.8996
-1.46666667 -78.81666667
-0.14119906 -78.49300913
-1.46666667 -78.81666667
-2.1869497 -79.85416889
-2.15549122 -79.89235282
-0.32731981 -78.44431974
-0.24829274 -79.15513577
-1.2584 -78.6241
-2.11605143 -79.87256663
-0.2158 -78.5103
-1.46666667 -78.81666667
-3.2626 -79.9553
-0.2158 -78.5103
-2.1484393 -79.88367319
-0.2158 -78.5103
-0.16479469 -78.49731445
-2.20032948 -79.88312602
-2.1761 -79.8996
0.830278 -77.6444
-2.11140947 -79.90571074
-1.79796913 -80.75828186
-0.2158 -78.5103
-2.1761 -79.8996
-3.55553 -80.06831
-0.993505 -79.47151396
-1.2584 -78.6241
-2.1761 -79.8996
-1.46666667 -78.81666667
-0.32915415 -78.54107692
-2.1761 -79.8996
-2.88550335 -78.99912069
-3.9833 -79.2
-0.32915415 -78.54107692
-2.18081727 -79.87399578
-3.32856 -79.80626
-0.32915415 -78.54107692
-0.32915415 -78.54107692
-0.2158 -78.5103
-1.72510768 -78.76164136
-2.29181307 -80.70975175
-0.32915415 -78.54107692
-2.1761 -79.8996
-1.676752 -78.6440992
-0.17397558 -78.47410765
-2.2167686 -79.897248
-3.93705376 -79.22416418
-0.32915415 -78.54107692
-1.20784872 -78.60345483
-0.32915415 -78.54107692
-3.32856 -79.80626
-3.93706101 -79.22405957
-1.46666667 -78.81666667
-0.32915415 -78.54107692
-2.20569662 -79.92701118
-0.32915415 -78.54107692
-0.952778 -80.8125
-0.1403017 -78.4990605
-3.32856 -79.80626
-3.4397233 -79.9620631
-2.2099354 -79.89034653
-2.13474404 -79.8695012
-2.21667 -79.4833
-2.18493147 -79.88030702
-2.1761 -79.8996
-1.02914044 -80.46414614
-3.25086665 -79.9597621
-2.11140947 -79.90571074
-2.18493147 -79.88030702
-2.1761 -79.8996
-2.1761 -79.8996
-0.2846 -78.440554
-2.17114223 -79.9225547
-0.30312591 -78.46254603
-2.19249581 -79.96463634
-3.25609882 -79.94250354
-1.58333 -78.6833
-2.11766888 -79.90066767
-0.2846 -78.440554
-2.1761 -79.8996
-2.1761 -79.8996
-2.13745432 -79.90044925
-0.08086 -78.42217
0.3483 -78.1214
-3.24175955 -80.04904147
-2.11140947 -79.90571074
-0.2846 -78.440554
-2.1761 -79.8996
-1.23678538 -78.62217521
-0.2167 -78.5
-2.1761 -79.8996
-2.8931 -78.99411
-0.2846 -78.440554
-2.1375 -79.5964
1.15113 -76.64842
-3.32856 -79.80626
-2.1761 -79.8996
-2.18638208 -79.96451529
-4.03955 -78.6558
-0.9733 -80.7018
-2.16603155 -79.91891538
-0.09898199 -78.49623726
0.81199 -77.72808
0.22052446 -78.91640154
-2.07340986 -79.84444857
-0.29460124 -78.54792285
-2.07675 -79.51381
-0.2151765 -78.40321033
-2.1238572 -79.8904079
-0.3257847 -78.4695
-0.3257847 -78.4695
-2.1833 -79.8833
-0.17101739 -78.48752975
-2.11140947 -79.90571074
-1.97705 -79.71823
-2.1761 -79.8996
-0.9733 -80.7018
-0.60791699 -80.43360735
-2.1761 -79.8996
-3.4634352 -80.23113571
-0.23 -78.52
-3.3228406 -79.5948114
-2.2 -79.9
-2.1833 -79.8833
-2.1833 -79.8833
0.86982 -79.84893
-2.14472222 -79.87055556
-0.20514564 -78.48199368
-0.18279323 -78.48138213
-2.1761 -79.8996
-2.14857752 -79.86672806
-1.39720497 -78.42130587
-2.14857752 -79.86672806
-3.2626 -79.9553
-2.14472222 -79.87055556
-2.1761 -79.8996
-2.11140947 -79.90571074
-2.14472222 -79.87055556
-2.14857752 -79.86672806
-0.95 -80.7333
-0.27128833 -78.5410881
-2.13474404 -79.8695012
-0.44693284 -76.99790479
-0.12420334 -78.36511387
-2.03842975 -79.89537
-2.14857752 -79.86672806
-2.1338289 -79.8696152
-2.11140947 -79.90571074
-2.1761 -79.8996
-3.2626 -79.9553
-2.4526779 -78.17142606
-2.140811 -79.8887204
-0.0991275 -80.19530301
-0.524057 -80.44202435
-0.516667 -80.4333
-2.1761 -79.8996
-2.03842975 -79.89537
-2.8992 -79.0153
-2.19884984 -80.98104597
-0.18310095 -78.48438086
-3.57002887 -80.45998316
-2.03842975 -79.89537
-1.46666667 -78.81666667
0.9633 -79.654
-0.2158 -78.5103
-0.25 -78.5833
-2.8992 -79.0153
-0.2158 -78.5103
0.0666667 -78.1333
-2.1279137 -79.86479251
-1.81959927 -80.75675952
-0.2158 -78.5103
-0.25 -79.15
-0.13936744 -78.47439766
-0.1403017 -78.4990605
-2.1761 -79.8996
-1.27338654 -78.61294985
-2.1761 -79.8996
-1.46666667 -78.81666667
-0.39191803 -78.51575676
-0.2158 -78.5103
-2.8931 -78.99411
-2.1960411 -79.89189148
-2.05037924 -79.91260886
-2.17114223 -79.9225547
-2.1667 -79.9
-1.46666667 -78.81666667
-2.05037924 -79.91260886
-0.15645711 -78.49645533
-0.2158 -78.5103
-1.2419598 -78.62928714
-2.11140947 -79.90571074
-0.84519617 -80.16480353
-2.13942551 -79.9025517
-2.1528 -79.9214
-1.46666667 -78.81666667
-1.86473 -79.97952
-2.19249581 -79.96463634
-1.02914044 -80.46414614
-0.89588 -75.39199
-2.13942551 -79.9025517
-3.27675637 -79.96619652
-0.84519617 -80.16480353
-0.99176879 -77.816376
-2.1761 -79.8996
-2.1293856 -79.89243329
-1.49805 -77.99351
-2.1761 -79.8996
-2.91593243 -79.03389573
-2.225031 -79.9039539
-1.676752 -78.6440992
-0.23 -78.52
-0.23 -78.52
-0.2158 -78.5103
-2.2 -79.9
-1.46666667 -78.81666667
-0.23 -78.52
-2.2 -79.9
-0.366667 -78.55
-0.69936422 -80.09629788
-2.13223234 -79.86357158
-0.373051 -78.4207
-2.17289009 -79.89953388
-3.9833 -79.2
-0.2158 -78.5103
-0.21039754 -78.49802758
-1.0562 -80.4552
-2.2013801 -79.93385561
-2.2238863 -79.90466825
-1.6743 -78.6483
-2.11140947 -79.90571074
-1.6743 -78.6483
-4.26178973 -79.21582407
-2.1761 -79.8996
-0.2158 -78.5103
-2.05037924 -79.91260886
-0.25 -78.5833
-0.16479469 -78.49731445
-2.20998 -79.88724
-1.2584 -78.6241
-1.6743 -78.6483
-2.17971678 -79.87511969
-2.05945915 -79.8756552
-0.2158 -78.5103
-0.1830172 -78.38203083
-2.05945915 -79.8756552
-2.30746615 -79.98028448
-0.91666667 -77.78333333
-3.9833 -79.2
-2.1761 -79.8996
-0.163995 -78.482455
-2.21667 -80.9667
-2.1761 -79.8996
-0.84 -80.17
-2.1761 -79.8996
-2.21667 -80.9667
-2.04842784 -79.90596771
-0.46466 -77.8962899
-2.1761 -79.8996
-2.1761 -79.8996
-0.2158 -78.5103
-2.11140947 -79.90571074
-2.11140947 -79.90571074
-1.46666667 -78.81666667
-1.2584 -78.6241
-0.68055556 -78.43777778
-0.2055426 -78.4852767
-2.13132262 -79.95395897
-2.13132262 -79.95395897
-2.13132262 -79.95395897
-2.13132262 -79.95395897
-2.13132262 -79.95395897
-2.13132262 -79.95395897
-2.16498672 -79.93835874
-1.46666667 -78.81666667
-2.13132262 -79.95395897
-2.13132262 -79.95395897
-2.13132262 -79.95395897
-0.2158 -78.5103
-2.13132262 -79.95395897
-1.0562 -80.4552
-2.13132262 -79.95395897
-2.13132262 -79.95395897
-0.7793 -78.3296
-3.9833 -79.2
-0.16860233 -78.47533606
-0.2158 -78.5103
-0.33138 -78.4487599
-1.0562 -80.4552
-2.19015837 -79.96655978
-1.03333333 -79.45
-1.0562 -80.4552
-0.2167 -78.5
-3.4523 -79.96012
-0.0844 -78.151678
-2.1761 -79.8996
-0.16711266 -78.49360929
-2.1761 -79.8996
-2.17938064 -79.90249157
-0.2846 -78.440554
-2.91968265 -79.0235585
-3.32856 -79.80626
-2.17073223 -79.92552714
-2.11140947 -79.90571074
-2.11140947 -79.90571074
-2.09168749 -79.92715897
-0.28966475 -78.55910117
-0.2158 -78.5103
-3.4523 -79.96012
-3.2626 -79.9553
-2.11140947 -79.90571074
-2.89779088 -79.00461695
-2.17438461 -79.89049673
-2.11140947 -79.90571074
-1.70212372 -77.96628337
-2.1761 -79.8996
-3.99240596 -79.20424651
-0.2158 -78.5103
-3.27153853 -79.9281705
-2.12522045 -79.8896374
-0.44693284 -76.99790479
-1.46666667 -78.81666667
-2.11925775 -79.90614031
-2.83333333 -80.13333333
-2.16603155 -79.91891538
-2.19055196 -79.87867355
-2.18333333 -79.88333333
-2.1761 -79.8996
-1.03333 -78.5667
-0.8997 -80.41076
0.23615 -78.25689
-0.2158 -78.5103
-0.2158 -78.5103
-0.2158 -78.5103
-0.92684 -80.2065
-0.2846 -78.440554
-2.1761 -79.8996
-2.1761 -79.8996
-2.11140947 -79.90571074
-1.8416668 -79.52960692
-2.18333333 -79.88333333
-2.1833 -79.8833
-2.1761 -79.8996
-0.00837 -78.44681
-2.16319422 -79.84100665
-0.21162224 -78.50161257
-1.03333333 -79.45
-2.1761 -79.8996
-0.16479469 -78.49731445
-3.56002735 -80.42634689
-2.19055196 -79.87867355
-2.1833 -79.8833
-1.0562 -80.4552
-3.9717381 -79.1953605
-1.05221944 -80.4506
-0.95 -80.7333
-2.45605 -78.16915
-0.16479469 -78.49731445
-1.03333333 -79.45
-0.84 -80.17
-3.9717381 -79.1953605
-3.32856 -79.80626
-2.13044329 -79.88109447
-2.1761 -79.8996
-3.25086665 -79.9597621
-2.13841279 -79.89380625
-3.2626 -79.9553
-3.25086665 -79.9597621
-0.2158 -78.5103
-2.10061411 -79.87230914
-3.26146518 -79.27688419
-2.1761 -79.8996
-3.26648465 -79.95682129
-2.1833 -79.8833
-1.63583 -79.5567
-2.17347193 -79.88539924
-2.17347193 -79.88539924
-0.25 -79.15
-0.60402 -80.42489
-2.1375 -79.5964
-1.03047382 -79.4712286
-1.05222669 -80.46050747
-2.17347193 -79.88539924
-0.2158 -78.5103
-0.00276804 -78.45416307
-2.1484393 -79.88367319
-2.17347193 -79.88539924
-0.2158 -78.5103
0.3483 -78.1214
0.3483 -78.1214
-0.20869728 -78.4812682
-1.03333333 -79.45
-3.32856 -79.80626
-1.2584 -78.6241
-2.11140947 -79.90571074
-3.32856 -79.80626
-0.9733 -80.7018
-2.1761 -79.8996
-2.11140947 -79.90571074
-2.1375 -79.5964
-0.32915415 -78.54107692
-2.16498672 -79.93835874
-0.20191763 -78.33120667
-2.194546 -79.884124
-3.9991929 -79.207086
-2.19015837 -79.96655978
-2.194546 -79.884124
-0.9733 -80.7018
-2.11140947 -79.90571074
-2.194546 -79.884124
-2.05594505 -79.98648544
-2.11140947 -79.90571074
-2.11140947 -79.90571074
-2.11140947 -79.90571074
0.9633 -79.654
-2.11140947 -79.90571074
-2.15557364 -79.83131511
-1.46666667 -78.81666667
0.9633 -79.654
-2.17479737 -79.89135504
-2.17479737 -79.89135504
-2.04259508 -79.91440058
-2.11140947 -79.90571074
-2.13594864 -79.90279512
-2.13594864 -79.90279512
-0.23 -78.52
-0.25 -79.15
-2.8931 -78.99411
-1.49417524 -80.79322787
-2.15472475 -79.91077483
-1.40803 -80.74617
-1.40803 -80.74617
-1.56310477 -80.82446337
-1.82664304 -80.75330067
-1.82664304 -80.75330067
-1.82977 -80.75253
-1.82977 -80.75253
-0.866667 -80.2667
-1.04045843 -79.47540421
-2.19254606 -79.8915267
-0.4 -79.2667
-0.25471394 -79.16553895
-0.2846 -78.440554
-2.05938693 -79.9074606
-0.25471394 -79.16553895
-0.25471394 -79.16553895
-0.25471394 -79.16553895
-1.01032212 -79.4686254
-2.05938693 -79.9074606
-2.1833 -79.8833
-0.11614508 -78.48755509
-2.11140947 -79.90571074
-0.2158 -78.5103
-0.2158 -78.5103
-2.27412 -80.16996
-2.13474404 -79.8695012
-2.1761 -79.8996
-2.13790027 -79.88742307
-2.1761 -79.8996
-0.2158 -78.5103
-0.28060692 -78.55774437
-1.2584 -78.6241
-1.10332 -80.73921
-1.46666667 -78.81666667
-3.87 -76.5
-3.87 -76.5
-4.0417 -76.9416
-4.042 -76.942
-4.0417 -76.9416
-4.0417 -76.9416
-4.0417 -76.9416
-4.0417 -76.9416
-4.0417 -76.9416
-3.98 -76.95
-3.98 -76.95
-4.0417 -76.9416
-0.23 -78.52
-0.23 -78.52
-2.133894 -79.881846
-0.35798472 -81.09846515
-2.18265236 -79.96938788
-4.0417 -76.9416
-2.2 -79.9
-2.2 -79.9
-4.0417 -76.9416
-0.21162224 -78.50161257
-2.11140947 -79.90571074
-2.1761 -79.8996
-2.1706751 -79.9125123
-2.11140947 -79.90571074
-2.11140947 -79.90571074
-2.11140947 -79.90571074
-2.22195542 -79.94005286
-1.46666667 -78.81666667
-0.19457376 -78.49159512
-2.11140947 -79.90571074
-0.20492941 -78.49103831
-2.91968265 -79.0235585
-2.18081727 -79.87399578
-2.1761 -79.8996
-2.91968265 -79.0235585
-0.2158 -78.5103
-2.23952733 -79.89070608
-2.23952733 -79.89070608
-0.22110543 -78.50709046
-2.23952733 -79.89070608
-2.152649 -79.5770756
-2.1761 -79.8996
-2.152649 -79.5770756
-3.2626 -79.9553
-0.18337695 -78.50967407
-3.2626 -79.9553
-2.05594505 -79.98648544
-2.1761 -79.8996
-2.1572614 -79.89149853
-0.32915415 -78.54107692
-2.1761 -79.8996
-1.46666667 -78.81666667
-0.993505 -79.47151396
-2.17647338 -79.90110758
-2.13960493 -79.89403725
-0.2158 -78.5103
-0.10330985 -78.49041676
-0.919 -77.84105
-2.11140947 -79.90571074
-2.1761 -79.8996
-0.2846 -78.440554
0.36631 -78.12099
-2.11140947 -79.90571074
-0.32915415 -78.54107692
-0.32915415 -78.54107692
-1.20784872 -78.60345483
-2.1761 -79.8996
0.34388 -78.13331
-0.2158 -78.5103
-2.11140947 -79.90571074
-2.22195542 -79.94005286
-3.9833 -79.2
-0.21778267 -78.44774061
-0.10814935 -78.48238252
-2.27412 -80.16996
-2.1194798 -79.94707731
-2.21487039 -80.07917803
-2.15557364 -79.83131511
-0.10359758 -78.50087643
-2.644663 -80.386029
-2.11140947 -79.90571074
-2.11140947 -79.90571074
-0.17397558 -78.47410765
-2.1761 -79.8996
-3.32856 -79.80626
-2.67484043 -79.61961103
-3.88221207 -80.08061357
-2.0403905 -79.8716089
-2.1761 -79.8996
-2.11140947 -79.90571074
-2.11140947 -79.90571074
-2.11140947 -79.90571074
-2.16583398 -79.55150544
-0.2158 -78.5103
-3.32856 -79.80626
-2.1761 -79.8996
-2.1761 -79.8996
-2.1375 -79.5964
-4.34873 -80.22983
-2.1577799 -79.89272
-1.58972299 -78.43512861
-4.066632 -78.954865
-4.34873 -80.22983
-2.11140947 -79.90571074
-2.1331119 -79.91050456
-2.8992 -79.0153
-2.8854 -78.92642
-2.17183847 -79.90803917
-2.11140947 -79.90571074
-1.66666667 -78.65
-0.38714 -78.52231
-1.00389401 -79.44656636
-1.66666667 -78.65
-2.17183847 -79.90803917
-1.00389401 -79.44656636
-0.2158 -78.5103
-2.1761 -79.8996
-2.0403905 -79.8716089
-2.17183847 -79.90803917
-2.21498 -80.95131
-2.36666667 -78.13333333
-2.11868639 -79.89125392
-2.1761 -79.8996
-2.11923896 -79.90607232
-1.46666667 -78.81666667
-1.8416668 -79.52960692
-0.13314474 -78.4696126
-0.60791699 -80.43360735
-2.1833 -79.8833
-2.2930036 -80.91504693
-1.78333 -79.5167
-0.20191763 -78.33120667
-0.25 -79.15
-3.94894 -79.33196
-1.0665 -78.17
-0.266667 -79.4333
-3.94894 -79.33196
-1.05221944 -80.4506
-0.2158 -78.5103
-3.94894 -79.33196
0.07051 -80.0525
-1.00738 -79.65992
-2.16319422 -79.84100665
0.33276692 -78.11084365
-3.4828 -80.22572
-3.94894 -79.33196
-2.21954125 -80.92134476
-0.08640488 -78.47115711
-3.32856 -79.80626
-2.1761 -79.8996
0.42397915 -76.90433505
-0.08086 -78.42217
-1.03333333 -79.45
-2.11140947 -79.90571074
-1.0562 -80.4552
-2.33 -79.4
-2.03842975 -79.89537
-0.2846 -78.440554
-2.17971678 -79.87511969
-3.94894 -79.33196
-2.18081727 -79.87399578
-2.1761 -79.8996
-3.8166811 -76.85246585
-2.18058676 -79.8740682
-1.78333 -79.5167
-2.12880849 -79.59362715
-2.11140947 -79.90571074
-2.1833 -79.8833
-2.19240233 -79.92240463
-1.67264716 -78.65153032
0.23055 -78.0879
-2.1833 -79.8833
-1.80839 -79.5156
-3.68038438 -79.68271265
-2.11140947 -79.90571074
-2.12880849 -79.59362715
-2.8931 -78.99411
-2.11140947 -79.90571074
-1.03333333 -79.45
-2.0615748 -79.8763557
-2.2267 -80.8583
-0.3257847 -78.4695
-0.3257847 -78.4695
-1.2584 -78.6241
-0.95 -80.7333
-0.195864 -78.49595758
-0.2158 -78.5103
-0.2846 -78.440554
-2.86986897 -78.7993274
-3.2626 -79.9553
-0.2158 -78.5103
-1.97705 -79.71823
-2.11140947 -79.90571074
-1.00534763 -79.46705103
-1.00534763 -79.46705103
-1.46666667 -78.81666667
-2.8992 -79.0153
-3.25086665 -79.9597621
-2.11140947 -79.90571074
-3.2626 -79.9553
-2.2 -79.9
-2.12712522 -79.91322041
-0.6945804 -80.08827467
0.22597764 -78.26315564
-1.46666667 -78.81666667
1.10410481 -76.61554773
-2.24353035 -79.8847668
-1.0562 -80.4552
-3.9369681 -79.22416275
-1.0562 -80.4552
1.15113 -76.64842
-3.15004 -78.51461
-3.93698985 -79.22420818
-2.1761 -79.8996
-0.2158 -78.5103
-0.2158 -78.5103
-2.1761 -79.8996
-2.1761 -79.8996
-2.1761 -79.8996
-0.20290332 -78.49976063
-1.0562 -80.4552
-0.12420334 -78.36511387
-4.01786303 -79.21104271
-2.1761 -79.8996
0.95584131 -79.65162992
-2.28455066 -79.60968018
-0.33946092 -78.53301333
-0.2846 -78.440554
-2.8992 -79.0153
-1.46666667 -78.81666667
0.95584131 -79.65162992
-3.2626 -79.9553
-2.7840929 -79.16812335
-0.24829274 -79.15513577
-2.11667 -79.6833
-2.16796645 -79.6491165
-2.1761 -79.8996
-2.11140947 -79.90571074
-1.46666667 -78.81666667
-2.1761 -79.8996
-0.32915415 -78.54107692
-0.2846 -78.440554
-0.919 -77.84105
-2.1761 -79.8996
0.35 -78.13333333
0.3483 -78.1214
-2.1761 -79.8996
0.3483 -78.1214
-2.05938693 -79.9074606
-2.1761 -79.8996
-1.20001 -79.54535
-0.95 -80.7333
-0.00352236 -78.4526617
-2.1761 -79.8996
-2.12538345 -79.9772278
-1.63583 -79.5567
-0.33138 -78.4487599
-0.266667 -79.4333
-0.2158 -78.5103
-2.11140947 -79.90571074
-2.1761 -79.8996
-2.15888867 -79.90460743
-0.20267 -78.49521
0.35 -78.13333333
-0.25 -79.15
-2.11140947 -79.90571074
-1.228065 -78.610073
0.54927416 -78.04047216
-3.9833 -79.2
-0.20423851 -78.49245825
-1.6743 -78.6483
-0.19383526 -78.49206297
-2.1761 -79.8996
-0.20514564 -78.48199368
0.34388 -78.13331
-3.26666944 -79.9667
-3.2626 -79.9553
-2.1761 -79.8996
-2.11766888 -79.90066767
-2.19055196 -79.87867355
-0.94828341 -80.73450226
-0.333333 -78.4667
-2.1761 -79.8996
-0.2846 -78.440554
-0.2846 -78.440554
-0.19457376 -78.49159512
-2.14857752 -79.86672806
-2.19055196 -79.87867355
-0.19457376 -78.49159512
-0.19457376 -78.49159512
-0.7859086 -80.2331684
-0.93333333 -78.61666667
-2.1761 -79.8996
-0.2158 -78.5103
-0.20308 -78.43804
-0.32915415 -78.54107692
-2.16020052 -79.91981864
-0.18200367 -78.3497715
-1.05511877 -80.47679291
-1.46666667 -78.81666667
-2.16977185 -79.91453201
-1.2584 -78.6241
-4.1492 -79.6069
-0.2158 -78.5103
-0.2158 -78.5103
-2.11140947 -79.90571074
-2.12586511 -79.89212415
-0.95 -80.7333
-2.11140947 -79.90571074
-2.12586511 -79.89212415
-2.1507287 -79.5976378
-2.92197413 -79.01045229
-1.75015274 -80.77340657
-1.2584 -78.6241
-0.75 -78.6
-1.80839 -79.5156
-2.11140947 -79.90571074
-0.2158 -78.5103
-0.25 -78.5833
-2.20382 -79.8975
-2.20382 -79.8975
-2.20382 -79.8975
-3.27234032 -79.94435648
-3.32856 -79.80626
-0.2158 -78.5103
-1.46666667 -78.81666667
-0.19457376 -78.49159512
-2.12531372 -79.93896696
-0.2158 -78.5103
-0.18774637 -78.4951234
-2.1761 -79.8996
-0.2846 -78.440554
-3.94894 -79.33196
-2.13191608 -79.59995932
-2.13191608 -79.59995932
-2.26384331 -79.88710387
-3.9833 -79.2
-2.13191608 -79.59995932
-0.95 -80.7333
-4.02629 -79.20306
-2.13191608 -79.59995932
-2.11140947 -79.90571074
-2.13191608 -79.59995932
-2.1761 -79.8996
-2.15882051 -79.91695756
-2.13191608 -79.59995932
-2.13191608 -79.59995932
-2.13191608 -79.59995932
-0.14046178 -78.4731102
-2.1761 -79.8996
-1.23678538 -78.62217521
-2.1761 -79.8996
-2.04259508 -79.91440058
-2.1761 -79.8996
-1.23678538 -78.62217521
-3.4634352 -80.23113571
-2.8992 -79.0153
-1.0562 -80.4552
-4.34873 -80.22983
-3.4523 -79.96012
-2.11140947 -79.90571074
-0.19457376 -78.49159512
-2.1761 -79.8996
-2.11140947 -79.90571074
-3.2626 -79.9553
-2.17971678 -79.87511969
-0.84 -80.17
-2.17971678 -79.87511969
-2.11766888 -79.90066767
-1.6743 -78.6483
-1.6743 -78.6483
-1.99836668 -78.96562718
-1.6743 -78.6483
-1.75015274 -80.77340657
-1.75015274 -80.77340657
-0.2158 -78.5103
-2.16545019 -79.89774847
-1.46666667 -78.81666667
-2.05184355 -79.95503423
-2.8992 -79.0153
-2.1761 -79.8996
-3.32856 -79.80626
-2.15895012 -79.90448063
-2.20382 -79.8975
-2.20382 -79.8975
-2.20382 -79.8975
-1.03333333 -79.45
-2.20382 -79.8975
-1.03333333 -79.45
-2.20382 -79.8975
-0.9733 -80.7018
-1.0562 -80.4552
0.35 -78.13333333
-2.20382 -79.8975
-1.2584 -78.6241
0.3483 -78.1214
0.41860542 -79.19708687
-2.17347193 -79.88539924
0.41860542 -79.19708687
-0.29798508 -78.45974364
-2.17347193 -79.88539924
-0.7084 -80.09447
-1.0562 -80.4552
-2.1761 -79.8996
-1.2584 -78.6241
-1.91667222 -80.01153889
-1.03333333 -79.45
-3.94894 -79.33196
-2.1761 -79.8996
-2.1761 -79.8996
-1.23678538 -78.62217521
-0.308063 -78.44943886
0.3483 -78.1214
-1.676752 -78.6440992
-2.20382 -79.8975
-1.22708 -78.59368
-2.2313892 -79.91271744
-2.20382 -79.8975
-0.2158 -78.5103
-0.37793 -78.19483
-2.20382 -79.8975
-0.11878959 -78.35792542
-2.13885011 -79.87165789
-2.20382 -79.8975
-0.25801951 -78.53865044
-0.00220209 -78.45584214
-3.09 -80.5
-3.09 -80.5
-0.23 -78.52
-0.12488945 -78.51222577
-0.2158 -78.5103
-0.00782391 -78.44667133
-0.2158 -78.5103
-2.8992 -79.0153
-3.2626 -79.9553
-3.25757 -79.96171
-2.2 -79.9
-2.12698985 -79.9635726
-2.1833 -79.8833
-1.6743 -78.6483
-0.12817418 -78.4665783
-1.46666667 -78.81666667
-0.2158 -78.5103
-2.2127 -79.92729
-2.8992 -79.0153
-2.1761 -79.8996
-2.8992 -79.0153
-0.22169753 -78.51343166
-0.12488945 -78.51222577
-2.20382 -79.8975
-2.20382 -79.8975
-2.13594864 -79.90279512
-2.17347193 -79.88539924
-2.1761 -79.8996
-2.19835838 -79.89564922
-1.8333 -79.8
-3.27153853 -79.9281705
-0.23 -78.52
-2.18265236 -79.96938788
-0.23 -78.52
-2.2 -79.9
-2.2 -79.9
-1.20784872 -78.60345483
-2.11140947 -79.90571074
-0.2158 -78.5103
-3.32856 -79.80626
-2.20382 -79.8975
-0.18502919 -78.491081
-0.18502919 -78.491081
-0.18502919 -78.491081
-0.18502919 -78.491081
-2.20382 -79.8975
-1.05221944 -80.4506
-2.8992 -79.0153
-0.18502919 -78.491081
-2.13960493 -79.89403725
-2.1761 -79.8996
-2.11140947 -79.90571074
-2.89715353 -79.00265576
-1.6743 -78.6483
-2.1761 -79.8996
-0.17397558 -78.47410765
-2.8992 -79.0153
-0.10638751 -78.4947968
-2.20382 -79.8975
-2.89715353 -79.00265576
-0.10638751 -78.4947968
-2.8992 -79.0153
-3.2626 -79.9553
-0.11544171 -78.4897456
-2.12698985 -79.9635726
-2.1761 -79.8996
-3.2626 -79.9553
1.14889 -76.6478
-0.2158 -78.5103
-2.1375 -79.5964
-2.14377 -79.8775
-0.29592511 -78.53906963
-1.26196313 -78.62855494
-2.21060795 -79.93208503
-2.1761 -79.8996
-2.1761 -79.8996
-3.2626 -79.9553
-2.91138495 -79.03392671
-2.15344613 -79.93706358
-0.1397748 -78.5058129
-2.1761 -79.8996
-3.9833 -79.2
-2.11140947 -79.90571074
0.3483 -78.1214
-2.13356009 -79.94158637
-0.25 -79.15
-2.12698985 -79.9635726
-2.12698985 -79.9635726
-2.12698985 -79.9635726
-2.14857752 -79.86672806
-2.16498672 -79.93835874
-1.23678538 -78.62217521
-2.15549122 -79.89235282
0.22597764 -78.26315564
0.04849 -78.21865
-2.1484393 -79.88367319
-2.1236816 -79.92150099
-0.16111 -78.4966125
-1.03333333 -79.45
-2.11140947 -79.90571074
-0.32915415 -78.54107692
-0.32915415 -78.54107692
-2.20382 -79.8975
-2.20382 -79.8975
-2.20434 -79.91294
-2.12369972 -79.9176836
-2.12712522 -79.91322041
-2.12712522 -79.91322041
-2.07340986 -79.84444857
-2.05945915 -79.8756552
-1.70857131 -79.39552245
-0.2158 -78.5103
-2.1375 -79.5964
-2.1761 -79.8996
-2.1279137 -79.86479251
-2.17289009 -79.89953388
-0.2158 -78.5103
-0.2158 -78.5103
-0.33138 -78.4487599
-2.1761 -79.8996
-1.2584 -78.6241
-2.1761 -79.8996
-2.17280806 -79.91053596
-2.1761 -79.8996
-0.33138 -78.4487599
-0.2158 -78.5103
-2.35 -80.2833
0.3483 -78.1214
-2.20032948 -79.88312602
-2.11140947 -79.90571074
-2.11140947 -79.90571074
1.15113 -76.64842
-2.1761 -79.8996
-2.20382 -79.8975
-1.91667222 -80.01153889
-2.20382 -79.8975
-0.2158 -78.5103
0.8234116 -77.6350203
-2.1833 -79.8833
-2.1761 -79.8996
-2.91668247 -79.01706219
-2.1761 -79.8996
-2.16579698 -79.92007613
-2.20382 -79.8975
-2.1761 -79.8996
-0.2158 -78.5103
-2.11140947 -79.90571074
-2.1761 -79.8996
-2.1761 -79.8996
-2.1761 -79.8996
-2.1761 -79.8996
-2.1761 -79.8996
-2.1761 -79.8996
-2.1761 -79.8996
-0.2158 -78.5103
-0.15925903 -78.43975493
-2.14798004 -79.89361761
-2.11140947 -79.90571074
-0.2158 -78.5103
-2.16402483 -79.91593045
-2.1761 -79.8996
-1.23745268 -78.61923909
-2.20382 -79.8975
-2.1761 -79.8996
-2.20382 -79.8975
-2.05411592 -79.93096951
-2.1761 -79.8996
-1.46666667 -78.81666667
-2.03351642 -79.91584818
-2.19055196 -79.87867355
-2.20382 -79.8975
-2.19249581 -79.96463634
0.9587 -77.73395
-2.19249581 -79.96463634
0.12231064 -79.25285989
-2.11766888 -79.90066767
-2.18081727 -79.87399578
-0.2158 -78.5103
-2.18081727 -79.87399578
-2.18058676 -79.8740682
-0.2158 -78.5103
-2.1954571 -79.8850918
-2.91900225 -79.01494324
-2.13875226 -79.90616657
-2.13875226 -79.90616657
-2.1761 -79.8996
-2.1761 -79.8996
-2.1761 -79.8996
-0.2846 -78.440554
-2.20382 -79.8975
-2.8896055 -78.99902344
-3.25868633 -79.95892982
-2.20382 -79.8975
-2.43745 -79.33931
-1.2584 -78.6241
-2.1833 -79.8833
-2.20382 -79.8975
-2.17289009 -79.89953388
-0.2158 -78.5103
-3.26231 -79.95758
-2.42639514 -79.34040828
-2.42639514 -79.34040828
-0.06083339 -78.45674935
-0.21499866 -78.50738347
-2.19012848 -79.87982154
-2.19147397 -79.88184929
-2.22063039 -80.9055794
-2.20382 -79.8975
-0.1786239 -78.4922316
-0.1786239 -78.4922316
-2.8992 -79.0153
-2.1761 -79.8996
-0.00079393 -78.51434112
0.86982 -79.84893
-2.91900225 -79.01494324
-2.1761 -79.8996
-0.2846 -78.440554
-2.11140947 -79.90571074
-0.23 -78.52
-1.46666667 -78.81666667
-1.2584 -78.6241
-3.32856 -79.80626
-2.11140947 -79.90571074
-2.2 -79.9
-0.1397811 -78.5057945
-0.2158 -78.5103
-2.20382 -79.8975
-1.76667 -80.7667
-2.20382 -79.8975
-2.11140947 -79.90571074
-2.062575 -79.8930878
-0.2158 -78.5103
-2.86986897 -78.7993274
-2.1680673 -79.89393159
-0.9733 -80.7018
-2.11140947 -79.90571074
-1.2584 -78.6241
-1.03333333 -79.45
-0.12808874 -78.48622282
-2.07340986 -79.84444857
-0.2158 -78.5103
-2.13426568 -79.8997879
-2.20382 -79.8975
-2.16400145 -79.83577753
-2.07340986 -79.84444857
-3.27153853 -79.9281705
-2.11140947 -79.90571074
-2.20382 -79.8975
-0.2846 -78.440554
-0.20786738 -78.48567289
-2.16892132 -79.91691885
-1.78333 -79.45
-1.03333333 -79.45
-1.03333333 -79.45
-2.8896055 -78.99902344
-2.8992 -79.0153
-2.05411592 -79.93096951
-2.1761 -79.8996
-2.1761 -79.8996
-1.228065 -78.610073
-2.20032948 -79.88312602
-2.1761 -79.8996
-3.2626 -79.9553
-2.8992 -79.0153
-1.4357084 -78.90779743
-2.18037025 -79.89469547
-2.03842975 -79.89537
-2.1761 -79.8996
-2.19055196 -79.87867355
-2.03842975 -79.89537
-0.00276804 -78.45416307
-2.20382 -79.8975
-2.20382 -79.8975
-2.16603155 -79.91891538
-2.11140947 -79.90571074
-2.20382 -79.8975
-0.2158 -78.5103
-0.2158 -78.5103
-1.676752 -78.6440992
-0.2158 -78.5103
-2.20382 -79.8975
-3.93694147 -79.22406673
-2.11140947 -79.90571074
-2.20382 -79.8975
-2.30258211 -78.11774969
-2.04259508 -79.91440058
-0.2158 -78.5103
-2.11140947 -79.90571074
-2.20382 -79.8975
-2.07340986 -79.84444857
-0.24829274 -79.15513577
-0.2158 -78.5103
-0.2001457 -78.492575
-0.2158 -78.5103
0.9633 -79.654
-1.0562 -80.4552
-1.6743 -78.6483
-0.2158 -78.5103
-2.1761 -79.8996
-2.11140947 -79.90571074
-2.1761 -79.8996
-0.2158 -78.5103
-0.1628206 -78.46028924
-2.1761 -79.8996
-0.0553 -78.7729899
-2.1761 -79.8996
-2.16524322 -79.89693504
-3.2626 -79.9553
-0.21155071 -78.50156307
-0.87017 -80.52816
-2.11140947 -79.90571074
-2.1761 -79.8996
-1.0562 -80.4552
-3.4828 -80.22572
-0.22110543 -78.50709046
-2.1761 -79.8996
-3.26231 -79.95758
-2.20382 -79.8975
-2.20382 -79.8975
-3.9833 -79.2
-1.80839 -79.5156
-1.46666667 -78.81666667
-2.20382 -79.8975
-4.1492 -79.6069
-2.1161357 -79.89261031
-2.20382 -79.8975
-2.8896055 -78.99902344
-1.676752 -78.6440992
-2.20382 -79.8975
-0.2158 -78.5103
-0.12420334 -78.36511387
-0.2158 -78.5103
-0.18472503 -78.50393724
-0.2158 -78.5103
-2.20382 -79.8975
-1.04573669 -80.47536461
-2.13474404 -79.8695012
-0.18472503 -78.50393724
0.12231064 -79.25285989
-2.11140947 -79.90571074
-0.7859086 -80.2331684
-2.13219517 -79.90754455
-0.95 -80.7333
-2.8992 -79.0153
-0.18472503 -78.50393724
-3.99096604 -79.20399715
-1.30254 -80.51585
-3.26694 -79.95477
-4.1772 -81.12683
-2.11140947 -79.90571074
-3.32856 -79.80626
-2.1761 -79.8996
-3.33148061 -79.81013303
-2.20382 -79.8975
-2.20382 -79.8975
-0.9500855 -80.72131176
-2.1161357 -79.89261031
-2.20382 -79.8975
-2.20382 -79.8975
-2.20382 -79.8975
-2.1761 -79.8996
-2.2627858 -79.88579071
-2.1761 -79.8996
-0.2158 -78.5103
-2.20382 -79.8975
-2.1833 -79.8833
-2.1761 -79.8996
-0.95 -80.7333
-1.2584 -78.6241
-0.16088773 -78.49391638
0.58993 -79.9761
-1.39720497 -78.42130587
0.58993 -79.9761
-2.1761 -79.8996
-2.1572614 -79.89149853
-0.16037085 -78.46095375
-2.165822 -79.917532
-0.17519358 -78.48573
-2.20382 -79.8975
-2.20382 -79.8975
-2.8992 -79.0153
-2.22779623 -80.91061592
-0.25 -79.15
-2.22779623 -80.91061592
-2.1550436 -79.89013731
-3.27113016 -80.00117654
-2.20382 -79.8975
-0.3257847 -78.4695
-2.20382 -79.8975
-2.11140947 -79.90571074
-2.20382 -79.8975
-2.1577799 -79.89272
-1.80839 -79.5156
-2.89160924 -78.9944458
-2.08386947 -79.91756102
-2.08386947 -79.91756102
0.35 -78.13333333
-2.20382 -79.8975
-3.93936516 -79.22459601
-0.26435536 -78.53713479
-3.9833 -79.2
-0.2158 -78.5103
-2.1761 -79.8996
-2.1761 -79.8996
-1.0562 -80.4552
-2.1761 -79.8996
-2.1711446 -79.9064736
-2.14432728 -79.89102621
-1.6743 -78.6483
-2.20382 -79.8975
-2.1761 -79.8996
-2.20382 -79.8975
0.9633 -79.654
0.08472222 -76.88277778
-0.18502919 -78.491081
-0.19457376 -78.49159512
-2.1833 -79.8833
-2.13578644 -79.89063508
-0.93333333 -78.61666667
-2.20382 -79.8975
-2.14857752 -79.86672806
-2.20382 -79.8975
-2.20382 -79.8975
-1.67371 -79.63348
-2.11925775 -79.90614031
-0.2888 -78.47574
-0.2158 -78.5103
-2.1236816 -79.92150099
-2.14857752 -79.86672806
-3.9833 -79.2
-2.11140947 -79.90571074
-0.19457376 -78.49159512
-1.67371 -79.63348
-2.140811 -79.8887204
-2.0625789 -79.8930919
-2.20382 -79.8975
-1.6743 -78.6483
-2.16855048 -79.9035753
-0.2158 -78.5103
-1.46666667 -78.81666667
-0.2158 -78.5103
-2.1761 -79.8996
-2.1761 -79.8996
-2.1761 -79.8996
-2.1761 -79.8996
-0.30542006 -79.15458903
-2.1761 -79.8996
-2.1761 -79.8996
0.66093529 -76.88865423
-2.1761 -79.8996
-2.8931 -78.99411
-2.1761 -79.8996
-2.18773961 -79.89309066
-0.23 -78.52
-2.19046619 -79.88206387
-2.2 -79.9
-0.23 -78.52
-3.93706529 -79.22411255
-2.15557364 -79.83131511
-2.31667 -80.7833
-2.2 -79.9
-2.1761 -79.8996
-2.16498672 -79.93835874
-1.6743 -78.6483
-3.26410138 -79.94403899
-1.6743 -78.6483
-2.19098976 -79.88389566
-2.8931 -78.99411
-0.95769178 -80.74851662
-2.20382 -79.8975
-0.2158 -78.5103
-2.20382 -79.8975
-1.18455387 -79.50155911
-3.93702162 -79.22428614
-0.2158 -78.5103
-0.2158 -78.5103
-0.2158 -78.5103
-2.8931 -78.99411
-2.20382 -79.8975
-2.11140947 -79.90571074
-2.20382 -79.8975
-2.20382 -79.8975
-0.32915415 -78.54107692
-2.0625493 -79.8930703
-0.2158 -78.5103
-1.46666667 -78.81666667
0.3483 -78.1214
-0.3052185 -78.4797157
-0.13936744 -78.47439766
-2.14857752 -79.86672806
-0.13936744 -78.47439766
-0.26968852 -78.52973506
-2.1761 -79.8996
-0.13936744 -78.47439766
-3.2626 -79.9553
-2.90483169 -79.00579691
-0.13936744 -78.47439766
-2.8992 -79.0153
-1.46666667 -78.81666667
-2.17347193 -79.88539924
-2.11766888 -79.90066767
-3.2626 -79.9553
-2.11925775 -79.90614031
-2.13191608 -79.59995932
-2.20998 -79.88724
-2.2464131 -79.8999034
-1.80493401 -79.52226542
-2.1761 -79.8996
-0.20887236 -78.4859798
-1.46666667 -78.81666667
-2.19010168 -79.88139868
-0.84536628 -80.16379824
-1.46666667 -78.81666667
-1.46666667 -78.81666667
-2.20382 -79.8975
-1.46666667 -78.81666667
-1.39720497 -78.42130587
-2.20382 -79.8975
-0.60791699 -80.43360735
-2.11667 -79.6833
-0.34244839 -78.55100812
-2.20382 -79.8975
-2.17971678 -79.87511969
-2.1761 -79.8996
-0.2158 -78.5103
-2.8992 -79.0153
-0.2158 -78.5103
-2.1761 -79.8996
-0.2158 -78.5103
-0.2158 -78.5103
-0.19457376 -78.49159512
-2.1761 -79.8996
-2.11140947 -79.90571074
-2.20382 -79.8975
-0.2158 -78.5103
-0.24829274 -79.15513577
-2.17280806 -79.91053596
0.66093529 -76.88865423
-2.11667 -79.6833
-0.18827171 -78.53250674
-4.03955 -78.6558
-0.32915415 -78.54107692
-1.2584 -78.6241
-4.03955 -78.6558
-3.2626 -79.9553
-2.15724137 -79.88936851
-2.1761 -79.8996
-0.20308 -78.43804
-1.2584 -78.6241
-2.1761 -79.8996
-2.11140947 -79.90571074
-2.20382 -79.8975
-2.1761 -79.8996
-0.2158 -78.5103
-2.8931 -78.99411
-1.30254 -80.51585
-2.19806346 -79.91244186
-2.20382 -79.8975
-2.21498 -80.95131
-1.46666667 -78.81666667
-2.05502721 -79.87388045
-1.30254 -80.51585
-2.15472475 -79.91077483
-0.2158 -78.5103
-1.30254 -80.51585
-2.11140947 -79.90571074
-1.30254 -80.51585
-2.1761 -79.8996
-0.67833695 -78.55366792
-2.11140947 -79.90571074
-2.1761 -79.8996
-2.1761 -79.8996
-2.11140947 -79.90571074
-2.11140947 -79.90571074
-3.93697616 -79.22408191
-2.73333 -79.75
-3.25086665 -79.9597621
-3.93709953 -79.2241993
-1.03333333 -79.45
-2.11140947 -79.90571074
-2.20382 -79.8975
-2.11140947 -79.90571074
-2.73333 -79.75
-1.76667 -80.7667
-1.67766435 -80.83598614
0.3483 -78.1214
-2.17971678 -79.87511969
-0.2158 -78.5103
-3.93694372 -79.2240672
0.9633 -79.654
-0.2158 -78.5103
-0.08640488 -78.47115711
-2.20382 -79.8975
0.9633 -79.654
-0.2158 -78.5103
-2.18818687 -79.98059112
-3.97804493 -79.20097726
-0.25 -78.5833
-2.20382 -79.8975
-2.19055196 -79.87867355
-2.20382 -79.8975
-2.16174462 -79.91621674
-1.6743 -78.6483
0.9633 -79.654
-2.05938693 -79.9074606
-0.21288393 -78.49348145
-2.8992 -79.0153
-2.20382 -79.8975
-0.18908518 -78.47234368
-2.15887423 -79.90445552
-1.84729968 -80.74685768
-0.2158 -78.5103
-2.20382 -79.8975
-2.1761 -79.8996
-2.1761 -79.8996
-3.32856 -79.80626
-3.93712832 -79.22395227
-2.22987 -80.85973
-2.13594864 -79.90279512
-2.16929143 -79.88849887
-3.27153853 -79.9281705
-2.2 -79.8333
-0.2158 -78.5103
-0.2158 -78.5103
-3.9370445 -79.22415085
-2.13474404 -79.8695012
-2.95 -78.6667
-2.20382 -79.8975
-3.93694734 -79.22408097
-4.10636 -81.04748
-1.46666667 -78.81666667
-2.1761 -79.8996
-2.11925775 -79.90614031
-3.19360991 -78.4525498
0.2 -78.0833
-0.2888 -78.47574
-0.2158 -78.5103
-2.20382 -79.8975
-1.48009 -78.00261
-2.18638208 -79.96451529
-2.05945915 -79.8756552
-0.20492941 -78.49103831
-2.18723507 -79.92121144
-2.11958765 -79.87201507
0.12231064 -79.25285989
-0.2888 -78.47574
-2.1761 -79.8996
-2.16750164 -79.90322113
-0.2888 -78.47574
-2.11140947 -79.90571074
-0.2158 -78.5103
-2.20382 -79.8975
0.3483 -78.1214
-2.1761 -79.8996
-3.93697898 -79.22408366
-2.24250239 -79.92507259
-2.05945915 -79.8756552
-3.98090858 -79.20223397
-1.46666667 -78.81666667
-2.12436839 -79.88634417
-2.1761 -79.8996
-0.2158 -78.5103
-2.11140947 -79.90571074
-1.46666667 -78.81666667
-0.2158 -78.5103
-2.18818687 -79.98059112
-0.2158 -78.5103
-0.2158 -78.5103
-2.18925761 -79.88989722
-2.1761 -79.8996
-0.26968852 -78.52973506
-0.2158 -78.5103
-1.2584 -78.6241
-2.1761 -79.8996
-0.2846 -78.440554
-2.1761 -79.8996
-0.2158 -78.5103
-2.1761 -79.8996
-2.1761 -79.8996
-2.20382 -79.8975
-2.1761 -79.8996
-0.2158 -78.5103
-3.19360991 -78.4525498
-2.1761 -79.8996
-2.16545019 -79.89774847
-2.16090812 -79.89967525
-1.24080018 -78.62788439
-2.16929143 -79.88849887
-2.13132262 -79.95395897
-2.1761 -79.8996
-2.1572614 -79.89149853
-0.2158 -78.5103
-2.1761 -79.8996
-2.20382 -79.8975
-3.94894 -79.33196
-2.17347193 -79.88539924
-2.1761 -79.8996
-0.21013088 -78.49557482
-2.1761 -79.8996
-2.1761 -79.8996
-2.1761 -79.8996
-0.2158 -78.5103
-2.20382 -79.8975
-2.1761 -79.8996
-0.9733 -80.7018
-2.1761 -79.8996
-0.2158 -78.5103
-2.11140947 -79.90571074
-2.20382 -79.8975
-0.308063 -78.44943886
-3.68038438 -79.68271265
-2.20382 -79.8975
0.10812 -76.90976
-2.1761 -79.8996
-0.33138 -78.4487599
-2.1761 -79.8996
-1.46666667 -78.81666667
-2.1761 -79.8996
-2.11140947 -79.90571074
-2.1761 -79.8996
-3.68038438 -79.68271265
0.10812 -76.90976
-2.16544 -79.8805
-2.1761 -79.8996
-2.1761 -79.8996
-2.1761 -79.8996
-0.16860233 -78.47533606
-1.46666667 -78.81666667
-2.19806346 -79.91244186
0.10812 -76.90976
-0.1403017 -78.4990605
-0.32915415 -78.54107692
-2.1761 -79.8996
-0.2158 -78.5103
0.10812 -76.90976
-0.2158 -78.5103
-0.2158 -78.5103
-0.2158 -78.5103
-1.23678538 -78.62217521
-0.2158 -78.5103
-0.2158 -78.5103
-0.27816544 -78.46362591
-0.2158 -78.5103
-0.2158 -78.5103
-2.16544 -79.8805
0.10812 -76.90976
-1.82699571 -80.75293749
-2.1761 -79.8996
-0.27816544 -78.46362591
0.10812 -76.90976
-2.11140947 -79.90571074
-2.1761 -79.8996
-0.25 -78.5833
-2.1375 -79.5964
0.10812 -76.90976
-2.1761 -79.8996
-2.1375 -79.5964
0.10812 -76.90976
-2.20382 -79.8975
-2.10724 -80.2513
0.10812 -76.90976
-2.1833 -79.8833
-2.11140947 -79.90571074
0.08472222 -76.88277778
-2.1680673 -79.89393159
-1.04862198 -80.46916265
-2.1761 -79.8996
-1.04862198 -80.46916265
-2.1761 -79.8996
-1.03333333 -79.45
-2.1761 -79.8996
-2.1761 -79.8996
-0.18310095 -78.48438086
-0.95 -80.7333
0.10812 -76.90976
0.3483 -78.1214
-2.20382 -79.8975
-2.11140947 -79.90571074
-1.03333333 -79.45
-0.1980905 -78.4792339
-2.20382 -79.8975
-2.20382 -79.8975
-0.19457376 -78.49159512
-2.90396 -79.01943
-2.1761 -79.8996
-2.91968265 -79.0235585
-2.1761 -79.8996
-2.90396 -79.01943
-2.20382 -79.8975
-2.14798004 -79.89361761
0.10812 -76.90976
-0.2158 -78.5103
-0.2158 -78.5103
-2.15879562 -79.90462436
-0.2846 -78.440554
-2.07675 -79.51381
-3.32856 -79.80626
-2.20382 -79.8975
-0.2846 -78.440554
-2.15384282 -79.89506721
-0.2158 -78.5103
-2.05184355 -79.95503423
-2.05184355 -79.95503423
-2.05184355 -79.95503423
-2.1761 -79.8996
-2.20382 -79.8975
-2.1761 -79.8996
-1.71590058 -79.98718063
-2.11766888 -79.90066767
-1.46666667 -78.81666667
-2.1761 -79.8996
-0.19457376 -78.49159512
-2.18638208 -79.96451529
-2.18773961 -79.89309066
-0.2158 -78.5103
-3.9833 -79.2
-2.12712522 -79.91322041
-2.12712522 -79.91322041
-2.12712522 -79.91322041
-2.1761 -79.8996
-0.23 -78.52
-3.9991929 -79.207086
-2.1761 -79.8996
-2.1761 -79.8996
0.67885806 -78.20912217
-1.46666667 -78.81666667
-2.8992 -79.0153
-2.1293856 -79.89243329
-2.14368999 -79.94149433
-0.51998799 -78.58343314
-1.06246036 -77.84144556
-0.2158 -78.5103
-2.140811 -79.8887204
-1.63583 -79.5567
-1.46666667 -78.81666667
-2.140811 -79.8887204
-2.1761 -79.8996
-2.140811 -79.8887204
-2.140811 -79.8887204
-1.46666667 -78.81666667
-0.25 -79.15
-1.46666667 -78.81666667
-2.1194798 -79.94707731
-0.20492941 -78.49103831
-2.1194798 -79.94707731
-0.20492941 -78.49103831
-0.32915415 -78.54107692
-0.32915415 -78.54107692
-0.32915415 -78.54107692
-0.32915415 -78.54107692
-0.32915415 -78.54107692
-0.205158 -78.484988
-0.32915415 -78.54107692
-0.32915415 -78.54107692
0.9633 -79.654
-0.32915415 -78.54107692
-0.32915415 -78.54107692
-2.18265236 -79.96938788
-2.2140139 -79.9061339
-0.32915415 -78.54107692
-2.11140947 -79.90571074
-2.1761 -79.8996
-2.11140947 -79.90571074
-2.18037025 -79.89469547
-3.27153853 -79.9281705
-0.23 -78.52
-2.1761 -79.8996
-2.17183847 -79.90803917
-2.1761 -79.8996
-2.2 -79.9
-2.11140947 -79.90571074
-2.20382 -79.8975
-2.2 -79.9
-3.32856 -79.80626
-2.1761 -79.8996
-2.1761 -79.8996
-2.1761 -79.8996
-2.194546 -79.884124
-3.27234032 -79.94435648
-3.25086665 -79.9597621
-0.18502919 -78.491081
-2.1761 -79.8996
-2.1761 -79.8996
-2.1761 -79.8996
-2.1761 -79.8996
-2.194546 -79.884124
-0.18502919 -78.491081
-0.32915415 -78.54107692
-2.1761 -79.8996
-0.32915415 -78.54107692
-1.05221944 -80.4506
-2.1761 -79.8996
-2.07340986 -79.84444857
-2.194546 -79.884124
-0.2158 -78.5103
-0.86264687 -81.11358862
-2.1761 -79.8996
-2.194546 -79.884124
-1.20784872 -78.60345483
-2.1761 -79.8996
-2.1761 -79.8996
-2.68342 -80.28095
-2.1761 -79.8996
-2.88333333 -79
-2.16545019 -79.89774847
-0.16687246 -78.4774178
-2.19055196 -79.87867355
-2.20382 -79.8975
-2.13960493 -79.89403725
-2.12880849 -79.59362715
-2.25142672 -79.89177917
-2.21667 -79.4833
-2.15549122 -79.89235282
-0.32915415 -78.54107692
-0.32915415 -78.54107692
-2.20382 -79.8975
-4.03955 -78.6558
-2.20382 -79.8975
-2.1761 -79.8996
-2.20382 -79.8975
-0.2888 -78.47574
-2.11140947 -79.90571074
-1.46666667 -78.81666667
-2.1761 -79.8996
-2.1761 -79.8996
-2.1761 -79.8996
-2.11925775 -79.90614031
-2.1761 -79.8996
-2.1761 -79.8996
-2.1761 -79.8996
-3.2626 -79.9553
-2.1761 -79.8996
-2.1761 -79.8996
-0.12808874 -78.48622282
-2.1761 -79.8996
-2.12698985 -79.9635726
-2.1761 -79.8996
-3.27153853 -79.9281705
-2.1761 -79.8996
-0.12488796 -78.49188983
-2.14215661 -79.90410089
-2.1761 -79.8996
-2.14215661 -79.90410089
-2.1761 -79.8996
-2.1761 -79.8996
-1.03333333 -79.45
-0.2846 -78.440554
0.24300741 -78.26673031
-0.18921037 -78.50745994
-2.20382 -79.8975
-0.29592511 -78.53906963
-2.20382 -79.8975
-2.05945915 -79.8756552
-2.11140947 -79.90571074
-2.17114223 -79.9225547
-2.1761 -79.8996
-2.20382 -79.8975
-2.20382 -79.8975
-2.1761 -79.8996
-2.03842975 -79.89537
-2.20382 -79.8975
-2.86986897 -78.7993274
-2.194546 -79.884124
-0.00215145 -78.43754537
-2.1761 -79.8996
-2.13942035 -79.8655802
-2.6342656 -80.3874968
-2.194546 -79.884124
-2.03842975 -79.89537
-2.20382 -79.8975
-2.8992 -79.0153
-2.1761 -79.8996
-2.1925247 -79.90350292
-2.11766888 -79.90066767
-2.20382 -79.8975
-0.2158 -78.5103
-2.16190519 -79.91691113
-1.46666667 -78.81666667
-1.46666667 -78.81666667
-2.1761 -79.8996
-0.1373383 -78.5092769
-2.11140947 -79.90571074
-1.2584 -78.6241
-0.2158 -78.5103
-0.2158 -78.5103
-0.2158 -78.5103
-0.2158 -78.5103
-2.07675 -79.51381
-3.57111248 -80.4573592
-0.26435536 -78.53713479
-1.2584 -78.6241
-2.20382 -79.8975
-2.20382 -79.8975
-2.6 -80.2833
-2.91138495 -79.03392671
-2.24164735 -79.89425182
-2.91332292 -79.03030522
-2.80469807 -78.87097622
-2.1761 -79.8996
-1.23678538 -78.62217521
-0.95 -80.7333
-2.12698985 -79.9635726
-2.15557364 -79.83131511
-2.24164735 -79.89425182
1.10410481 -76.61554773
-2.11595505 -79.91934992
-3.9833 -79.2
-1.46666667 -78.81666667
-2.20032948 -79.88312602
-2.67484043 -79.61961103
-2.20382 -79.8975
-2.80469807 -78.87097622
-0.2077153 -78.49644146
-0.2158 -78.5103
-2.1761 -79.8996
-4.29604 -79.59154
-3.25086665 -79.9597621
-2.1484393 -79.88367319
-2.11140947 -79.90571074
-0.46618424 -76.98702157
-2.1761 -79.8996
-2.21124911 -79.90022032
-3.93704773 -79.2242806
-0.04028561 -77.09684987
-0.7460492 -78.6436255
-1.2370905 -78.62553298
-2.20032948 -79.88312602
-2.8992 -79.0153
-2.1761 -79.8996
-2.91106783 -79.00903702
-1.46666667 -78.81666667
-2.20382 -79.8975
-3.32515106 -79.81208158
-2.1375 -79.5964
-3.32515106 -79.81208158
-2.11140947 -79.90571074
-2.16603155 -79.91891538
-2.20382 -79.8975
-0.95 -77.7833
-2.1761 -79.8996
-0.262663 -78.419472
-2.8896055 -78.99902344
-1.95 -80
-1.97705 -79.71823
-2.16157817 -79.89749817
-0.2158 -78.5103
-2.16157817 -79.89749817
-0.2158 -78.5103
-2.1761 -79.8996
-2.21124911 -79.90022032
-2.15724137 -79.88936851
-2.20382 -79.8975
-0.2158 -78.5103
-2.20382 -79.8975
-0.18964256 -78.4882164
-0.18964256 -78.4882164
-2.20382 -79.8975
-2.18037025 -79.89469547
-0.18964256 -78.4882164
-0.10714346 -78.51091325
-0.18964256 -78.4882164
-2.16157817 -79.89749817
-2.1761 -79.8996
-2.1761 -79.8996
-3.9833 -79.2
-0.26435536 -78.53713479
-2.11140947 -79.90571074
-0.20789196 -78.48324823
-0.26435536 -78.53713479
-3.94894 -79.33196
-3.27675637 -79.96619652
-3.94894 -79.33196
-2.20382 -79.8975
-2.18037025 -79.89469547
-2.1761 -79.8996
-0.20400839 -78.48302364
-2.1761 -79.8996
-2.11140947 -79.90571074
-3.9833 -79.2
-1.76666944 -79.45
-4.27999059 -75.97702427
-2.1761 -79.8996
-1.76666944 -79.45
-2.20382 -79.8975
-1.76666944 -79.45
-2.20382 -79.8975
-2.20382 -79.8975
-2.1334593 -79.86485497
-3.98648847 -79.21520518
-1.76666944 -79.45
-0.21999735 -78.50164282
-0.3052061 -78.4796845
-3.2604 -79.9615
-1.76666944 -79.45
-0.0553 -78.7729899
-2.1708678 -79.8845938
-2.17073223 -79.92552714
-0.32905159 -78.47424746
-2.25304717 -79.88698182
-0.16479469 -78.49731445
-1.76666944 -79.45
-1.46666667 -78.81666667
-2.2 -79.8333
-3.45154431 -79.96009469
-1.46666667 -78.81666667
-1.46666667 -78.81666667
-2.1761 -79.8996
-2.1960411 -79.89189148
-2.12698985 -79.9635726
-2.13388276 -79.90097722
-0.2158 -78.5103
-2.20382 -79.8975
-0.78879466 -80.51537339
-3.27761437 -79.93263662
-3.26736836 -79.9575305
-1.228065 -78.610073
-3.93709718 -79.22410752
-2.15592428 -79.89002697
-2.15592428 -79.89002697
-2.15592428 -79.89002697
-2.13942551 -79.9025517
-3.2626 -79.9553
-2.20382 -79.8975
-2.20382 -79.8975
-2.11140947 -79.90571074
-2.15592428 -79.89002697
-0.2158 -78.5103
-0.2158 -78.5103
-3.32990423 -79.8090219
-0.16711266 -78.49360929
-2.1761 -79.8996
-0.84 -80.17
-2.1375 -79.5964
-0.2158 -78.5103
-2.17153279 -79.9234128
-2.1761 -79.8996
-2.20382 -79.8975
-2.18638208 -79.96451529
-0.60066695 -80.42473755
-2.8992 -79.0153
0.32701 -78.21638
-1.6743 -78.6483
-0.0666667 -78.55
-0.25771606 -78.54470548
-0.32915415 -78.54107692
-3.2626 -79.9553
-0.25771606 -78.54470548
-2.11140947 -79.90571074
-0.2846 -78.440554
-2.11140947 -79.90571074
-1.4051448 -78.4177618
-2.11766888 -79.90066767
-1.6743 -78.6483
-0.16479469 -78.49731445
-0.24829274 -79.15513577
-2.15592428 -79.89002697
-3.25086665 -79.9597621
-0.24829274 -79.15513577
-2.15592428 -79.89002697
-2.11140947 -79.90571074
-2.1761 -79.8996
-2.11140947 -79.90571074
-2.20382 -79.8975
-0.3257847 -78.4695
-2.1944184 -79.8851562
-2.20382 -79.8975
-0.11495211 -78.49673693
-2.18834 -79.8958
-2.21124911 -79.90022032
-2.1761 -79.8996
-2.12730544 -79.90544736
-2.19010168 -79.88139868
-0.51011 -78.56712
-0.95 -80.7333
-2.16722864 -79.84882119
-1.76666944 -79.45
-0.16088773 -78.49391638
-0.2846 -78.440554
-2.20178752 -79.13143158
-2.03842975 -79.89537
-3.99637782 -79.20619656
-2.14857752 -79.86672806
-3.97199864 -79.19624448
-0.2846 -78.440554
-2.17073223 -79.92552714
-3.2626 -79.9553
-2.1519285 -79.92278901
-0.1054203 -78.47309497
-2.15592428 -79.89002697
-1.7163814 -79.98766006
-0.7859086 -80.2331684
-4.01182692 -79.2024087
-0.2158 -78.5103
-0.25 -79.15
-2.182908 -79.881144
-2.0611072 -79.888384
0.12231064 -79.25285989
-2.8931 -78.99411
-2.11766888 -79.90066767
-1.7163814 -79.98766006
-1.76666944 -79.45
-2.1236816 -79.92150099
-1.7163814 -79.98766006
-2.11766888 -79.90066767
-1.7163814 -79.98766006
-2.17347193 -79.88539924
-2.16736 -79.9032299
0.0722732 -80.0411771
-2.11925775 -79.90614031
0.3483 -78.1214
-2.20382 -79.8975
-2.20382 -79.8975
-0.9733 -80.7018
-2.17153279 -79.9234128
-2.11140947 -79.90571074
-1.46666667 -78.81666667
0.9633 -79.654
-1.7163814 -79.98766006
-0.993505 -79.47151396
-0.24829274 -79.15513577
0.34388 -78.13331
-0.18908518 -78.47234368
-2.2 -79.8333
-2.20382 -79.8975
-0.32915415 -78.54107692
-1.03333333 -79.45
-1.7163814 -79.98766006
-1.0562 -80.4552
-0.25 -79.15
-0.23 -78.52
-2.20382 -79.8975
-0.88753 -79.24446
-2.151412 -79.89085
-2.1761 -79.8996
-2.155333 -79.892033
-2.2 -79.9
-0.9733 -80.7018
-0.23 -78.52
-0.32915415 -78.54107692
-0.7859086 -80.2331684
-2.20382 -79.8975
0.830278 -77.6444
-2.2 -79.9
-2.1761 -79.8996
-2.1761 -79.8996
-0.2158 -78.5103
1.14889 -76.6478
-0.32915415 -78.54107692
-0.32915415 -78.54107692
-0.2158 -78.5103
-2.13200464 -79.88168333
-2.8931 -78.99411
-2.17097 -79.89869
1.15113 -76.64842
-1.6743 -78.6483
-2.14886457 -79.894591
-2.1761 -79.8996
-1.79821026 -80.75861441
-2.1761 -79.8996
-0.46466 -77.8962899
-0.2846 -78.440554
-0.93152 -78.626075
-2.14530488 -79.89909465
-2.20382 -79.8975
-2.20382 -79.8975
-2.1761 -79.8996
-2.0611072 -79.888384
-2.20382 -79.8975
-3.93703734 -79.22406594
-0.16860233 -78.47533606
1.10410481 -76.61554773
-0.87017 -80.52816
-0.2158 -78.5103
-2.11168626 -79.87129211
-2.91968265 -79.0235585
-2.20382 -79.8975
-2.1761 -79.8996
-0.1403017 -78.4990605
-0.26435536 -78.53713479
-2.1761 -79.8996
-2.20382 -79.8975
-0.12420334 -78.36511387
-2.20382 -79.8975
-1.03333333 -79.45
-2.1761 -79.8996
-2.8931 -78.99411
-2.12880849 -79.59362715
-2.11140947 -79.90571074
-2.22987 -80.85973
-0.2158 -78.5103
-0.2158 -78.5103
-2.33526466 -74.79091401
-1.46666667 -78.81666667
-2.8992 -79.0153
-2.1761 -79.8996
-0.2846 -78.440554
-1.2584 -78.6241
-0.2158 -78.5103
-0.18502919 -78.491081
-0.2158 -78.5103
-1.80839 -79.5156
0.59551478 -77.83516288
0.10812 -76.90976
0.59551478 -77.83516288
-2.31667 -80.1
0.10812 -76.90976
-0.95 -80.7333
-2.1761 -79.8996
-0.2158 -78.5103
-2.20382 -79.8975
-0.18502919 -78.491081
-1.04316783 -79.47407249
-0.24671497 -79.15387564
-2.20382 -79.8975
-2.1833 -79.8833
-2.20382 -79.8975
-0.1403017 -78.4990605
-2.19119811 -79.88912875
-0.95002222 -80.7162
-2.20382 -79.8975
-2.1761 -79.8996
-2.26384331 -79.88710387
-2.20382 -79.8975
0.57757377 -80.73644425
-0.2158 -78.5103
-1.46666667 -78.81666667
-2.05938693 -79.9074606
-1.80493401 -79.52226542
-2.1761 -79.8996
-2.07296035 -79.93256288
-2.11140947 -79.90571074
-2.11140947 -79.90571074
-0.2888 -78.47574
-2.17097 -79.89869
-2.11140947 -79.90571074
-2.20178752 -79.13143158
-2.17097 -79.89869
-2.1761 -79.8996
-2.1761 -79.8996
-2.20382 -79.8975
-2.07340986 -79.84444857
-2.11140947 -79.90571074
-0.17397558 -78.47410765
-3.2626 -79.9553
-0.2158 -78.5103
-2.07296035 -79.93256288
-2.17347193 -79.88539924
-2.21124911 -79.90022032
-2.1761 -79.8996
-3.56002735 -80.42634689
-0.25 -78.5833
-2.20382 -79.8975
-1.24811997 -78.62640195
-0.2158 -78.5103
-1.0281183 -79.4634613
-2.1375 -79.5964
-0.2158 -78.5103
-2.9197109 -79.01555863
-2.20382 -79.8975
-0.2846 -78.440554
0.3483 -78.1214
-1.46666667 -78.81666667
-2.13771748 -79.92316988
0.10812 -76.90976
-2.21951134 -80.94693187
-2.20382 -79.8975
0.35 -78.13333333
-2.21124911 -79.90022032
-0.32915415 -78.54107692
-0.24829274 -79.15513577
-0.2158 -78.5103
-2.1761 -79.8996
-0.26435536 -78.53713479
-0.95 -80.7333
-2.20382 -79.8975
-2.1761 -79.8996
-2.20382 -79.8975
-1.82912703 -80.75198266
-2.91900225 -79.01494324
-2.194546 -79.884124
-2.1519285 -79.92278901
-2.21124911 -79.90022032
-1.6743 -78.6483
0.10812 -76.90976
-2.20382 -79.8975
-0.2158 -78.5103
-4.33333 -79.55
-0.16479469 -78.49731445
-2.1761 -79.8996
-2.11140947 -79.90571074
-0.16479469 -78.49731445
-1.23678538 -78.62217521
-2.29181307 -80.70975175
-3.45154431 -79.96009469
-2.15899327 -79.90456592
-2.20382 -79.8975
-0.25 -79.15
-2.11140947 -79.90571074
-0.2158 -78.5103
-2.1761 -79.8996
-2.20382 -79.8975
-2.1761 -79.8996
-1.02914044 -80.46414614
-0.14001117 -78.47085714
-2.20382 -79.8975
-0.2158 -78.5103
-0.2158 -78.5103
-0.2846 -78.440554
-2.1761 -79.8996
-2.24182407 -79.89516266
-0.2158 -78.5103
-2.8992 -79.0153
-1.46666667 -78.81666667
-2.20382 -79.8975
-2.20382 -79.8975
-0.32915415 -78.54107692
-2.2099354 -79.89034653
-2.14857752 -79.86672806
-2.67484043 -79.61961103
-0.2158 -78.5103
-2.1761 -79.8996
-0.24829274 -79.15513577
-2.09168749 -79.92715897
-2.1761 -79.8996
-2.11140947 -79.90571074
-2.20382 -79.8975
-0.16479469 -78.49731445
-2.11140947 -79.90571074
-3.25086665 -79.9597621
-2.05502721 -79.87388045
-2.24857025 -79.64309809
-2.20382 -79.8975
-2.15839982 -79.88730758
-2.14857752 -79.86672806
-1.6743 -78.6483
-2.19254606 -79.8915267
-1.93333 -79.7333
-1.03333333 -79.45
-2.20382 -79.8975
-1.56392 -79.74939
-1.56392 -79.74939
-2.11140947 -79.90571074
-1.56392 -79.74939
-2.1761 -79.8996
-2.1761 -79.8996
-2.1761 -79.8996
-2.1761 -79.8996
-2.19254606 -79.8915267
-2.17347193 -79.88539924
-1.443246 -77.99666
-2.17347193 -79.88539924
-2.17347193 -79.88539924
-1.676752 -78.6440992
-2.17347193 -79.88539924
-2.20382 -79.8975
-2.05502721 -79.87388045
-0.315753 -78.5619055
-2.17347193 -79.88539924
-2.20382 -79.8975
-2.86723743 -79.03798336
-2.12531372 -79.93896696
-2.18058676 -79.8740682
0.9633 -79.654
-0.19457376 -78.49159512
-2.12880849 -79.59362715
-0.00220209 -78.45584214
0.9633 -79.654
-2.20382 -79.8975
-2.1761 -79.8996
-2.1761 -79.8996
-2.13844278 -79.91241864
0.9633 -79.654
-2.20382 -79.8975
-2.20382 -79.8975
-2.11140947 -79.90571074
0.9633 -79.654
-0.2158 -78.5103
-2.20382 -79.8975
0.9633 -79.654
-0.23 -78.52
0.9633 -79.654
-2.11140947 -79.90571074
-2.20382 -79.8975
-0.95 -80.7333
-2.1761 -79.8996
-3.32856 -79.80626
-3.5578 -80.444
-2.20382 -79.8975
-1.6743 -78.6483
-1.676752 -78.6440992
-1.826529 -80.752915
-2.07340986 -79.84444857
-2.2 -79.9
-2.67484043 -79.61961103
-0.1967618 -78.4847506
-0.13287768 -78.5058042
-0.22900324 -78.51843975
-0.31055951 -78.44409587
-0.95 -80.7333
-0.00220209 -78.45584214
-0.00220209 -78.45584214
-0.00221658 -78.45442869
-0.00220209 -78.45584214
-0.00220209 -78.45584214
-0.00220209 -78.45584214
-2.13406973 -79.88262275
-0.993505 -79.47151396
0.35 -78.0833
-0.2158 -78.5103
-1.044577 -79.481734
-2.63769093 -80.39095402
-1.03047382 -79.4712286
0.49134461 -80.04590094
-1.5575629 -79.75331576
-2.1761 -79.8996
0.86982 -79.84893
-2.22124197 -80.91226288
-1.03333333 -79.45
-0.19778797 -78.47273739
-1.60682 -78.64603
-2.1761 -79.8996
-1.73333333 -78.58333333
-1.46666667 -78.81666667
-2.07656739 -75.28127955
-0.2158 -78.5103
-0.2158 -78.5103
-2.1706751 -79.9125123
-3.32856 -79.80626
0.10812 -76.90976
-3.32856 -79.80626
-0.19086 -78.499009
-0.19086 -78.499009
-1.46666667 -78.81666667
-1.46666667 -78.81666667
-3.07070603 -74.41809624
-0.2158 -78.5103
-0.16687246 -78.4774178
-0.22990767 -78.4916874
-2.08833035 -79.91628502
-0.24701277 -79.15089917
-0.23 -78.52
-0.23 -78.52
-2.2 -79.9
-2.18265236 -79.96938788
-0.16037085 -78.46095375
-1.20784872 -78.60345483
-2.12698985 -79.9635726
-2.2 -79.9
-2.20382 -79.8975
-1.03333 -78.5667
-2.20382 -79.8975
-2.1761 -79.8996
-3.2626 -79.9553
-3.94894 -79.33196
-3.32856 -79.80626
-3.94894 -79.33196
-0.21450019 -78.50255176
-2.16560899 -79.89386975
-0.1830928 -78.47807941
-2.11140947 -79.90571074
-2.07340986 -79.84444857
-0.2158 -78.5103
-0.18502919 -78.491081
-2.11140947 -79.90571074
-0.18502919 -78.491081
-1.05221944 -80.4506
-0.18502919 -78.491081
0.80549448 -77.5859803
-2.11140947 -79.90571074
-0.1988895 -78.48562
-0.18502919 -78.491081
-0.18502919 -78.491081
0.02644975 -78.4816732
-0.2158 -78.5103
-2.20178752 -79.13143158
-0.33138 -78.4487599
-0.00220209 -78.45584214
-0.95769178 -80.74851662
-2.19010168 -79.88139868
-2.11140947 -79.90571074
-2.13771748 -79.92316988
-2.1761 -79.8996
-2.1761 -79.8996
-2.91968265 -79.0235585
-0.29592511 -78.53906963
-0.18131144 -78.50177631
-0.2846 -78.440554
-0.5880024 -78.55424303
-2.1761 -79.8996
-0.2158 -78.5103
-1.46666667 -78.81666667
-2.1761 -79.8996
-2.20910479 -79.90224702
0.80525486 -77.58624371
-0.18523223 -78.48097788
-2.20382 -79.8975
-0.32915415 -78.54107692
-2.20910479 -79.90224702
0.98924667 -79.65798656
-2.22954639 -79.89675164
-3.9833 -79.2
-0.2158 -78.5103
-2.20910479 -79.90224702
-2.1761 -79.8996
-2.18201802 -79.89938021
-2.15557364 -79.83131511
0.23968619 -78.25231951
-0.12977589 -78.47775578
-3.9833 -79.2
-0.2158 -78.5103
-0.25522744 -79.16943848
-2.1761 -79.8996
-2.15204165 -79.8863554
-2.17114223 -79.9225547
-0.2158 -78.5103
-0.96437177 -80.70776747
-2.1761 -79.8996
-2.18638208 -79.96451529
-2.1761 -79.8996
-3.9833 -79.2
-2.1761 -79.8996
0.35 -78.13333333
-2.11925775 -79.90614031
-2.20032948 -79.88312602
-2.11140947 -79.90571074
-2.1394774 -79.86538886
-0.25685796 -79.203224
-0.2158 -78.5103
-2.1375 -79.5964
-2.1761 -79.8996
-2.14215661 -79.90410089
-2.11925775 -79.90614031
-0.32915415 -78.54107692
-0.32915415 -78.54107692
-2.86986897 -78.7993274
-0.20492941 -78.49103831
-0.2158 -78.5103
-0.195864 -78.49595758
-1.2584 -78.6241
-3.32856 -79.80626
-1.97705 -79.71823
0.35 -78.13333333
-2.24532 -79.88466
-0.2846 -78.440554
-0.2158 -78.5103
-0.23178419 -78.5116303
0.23615 -78.25689
-2.8896055 -78.99902344
-2.11140947 -79.90571074
-2.11140947 -79.90571074
-2.1761 -79.8996
-0.20492941 -78.49103831
-1.67592833 -78.65938051
-0.1154422 -78.4949863
-3.32990423 -79.8090219
-0.1154422 -78.4949863
-0.1154422 -78.4949863
-0.1398239 -78.5058305
0.10812 -76.90976
-1.27907401 -78.63382998
-0.2158 -78.5103
0.10812 -76.90976
0.10812 -76.90976
-2.06826463 -79.89128126
-2.069824 -79.89775
-2.1761 -79.8996
-2.06826463 -79.89128126
-0.24657105 -78.33685758
-1.46666667 -78.81666667
-2.12698985 -79.9635726
-0.00837 -78.44681
-2.17289009 -79.89953388
-1.46666667 -78.81666667
-1.46666667 -78.81666667
-2.1761 -79.8996
-0.20308 -78.43804
-2.20382 -79.8975
-0.26435536 -78.53713479
-2.1761 -79.8996
-2.20382 -79.8975
-0.15925903 -78.43975493
-0.12420334 -78.36511387
-2.20382 -79.8975
-2.67484043 -79.61961103
-3.94894 -79.33196
-2.1761 -79.8996
-4.29604 -79.59154
-0.2158 -78.5103
-3.45154431 -79.96009469
-0.21155071 -78.50156307
-1.67592833 -78.65938051
-0.20492941 -78.49103831
-2.1833 -79.8833
-2.1761 -79.8996
-1.6743 -78.6483
-0.31266382 -78.45096505
-2.14521219 -79.92316067
-0.2167 -78.5
-2.1761 -79.8996
-3.2626 -79.9553
-2.1761 -79.8996
-0.2158 -78.5103
-0.84 -80.17
-2.18493147 -79.88030702
-0.2158 -78.5103
-2.17347193 -79.88539924
-2.20382 -79.8975
-2.1761 -79.8996
-2.21667 -80.9667
-2.18493147 -79.88030702
-3.98649536 -79.19931401
-2.20382 -79.8975
-2.18493147 -79.88030702
-2.1761 -79.8996
-2.18493147 -79.88030702
-2.20382 -79.8975
-0.32915415 -78.54107692
-2.11140947 -79.90571074
-0.25 -79.15
-3.9833 -79.2
-1.2584 -78.6241
-3.9833 -79.2
-2.26346 -79.89369
-2.14039872 -79.89233064
-2.1761 -79.8996
-0.3257847 -78.4695
-0.3257847 -78.4695
-2.1602533 -79.9080648
-2.13960493 -79.89403725
-3.980232 -79.1963863
-1.46666667 -78.81666667
-0.33333333 -79.25
-1.46666667 -78.81666667
-3.9833 -79.2
-2.17073223 -79.92552714
-0.2158 -78.5103
-2.1739324 -79.9450207
-0.94358 -78.90366
-2.07340986 -79.84444857
-1.46666667 -78.81666667
-0.2158 -78.5103
-0.20447784 -78.49350858
-0.23 -78.52
-2.1761 -79.8996
-2.18201802 -79.89938021
-2.2 -79.9
-2.03627822 -79.87255487
-0.25 -79.15
-2.16579698 -79.92007613
-2.64318697 -80.38580413
0.34616806 -78.13308383
-2.63769093 -80.39095402
-2.20382 -79.8975
-1.03333333 -79.45
-3.4523 -79.96012
-1.2584 -78.6241
-2.18550874 -79.99839275
-2.1761 -79.8996
-2.43745 -79.33931
-2.20382 -79.8975
-0.32154 -76.86658
-2.89160924 -78.9944458
-0.2158 -78.5103
-2.1761 -79.8996
-2.20382 -79.8975
0.81199 -77.72808
-2.03362024 -79.91871961
-0.2158 -78.5103
0.34191616 -78.13288956
0.74583333 -75.23388889
-2.1761 -79.8996
-0.00215145 -78.43754537
-2.09168749 -79.92715897
-2.6354908 -80.39054253
-2.1761 -79.8996
-0.2158 -78.5103
-2.62835 -80.3944099
-2.19119811 -79.88912875
-1.39917188 -78.42121734
-1.0562 -80.4552
-2.4526779 -78.17142606
-0.95 -80.7333
-2.166822 -79.895966
-2.166822 -79.895966
-2.1761 -79.8996
-2.166822 -79.895966
-0.2158 -78.5103
-0.2158 -78.5103
-0.2846 -78.440554
-2.20382 -79.8975
-0.4041058 -78.54544921
-1.46666667 -78.81666667
-1.46666667 -78.81666667
-2.22054467 -79.91093627
-2.20382 -79.8975
-0.2158 -78.5103
-0.2846 -78.440554
-0.11544171 -78.4897456
-3.94894 -79.33196
-2.11140947 -79.90571074
-1.46666667 -78.81666667
-2.20382 -79.8975
-2.20032948 -79.88312602
-2.16929143 -79.88849887
-1.46666667 -78.81666667
-2.2238863 -79.90466825
-0.26435536 -78.53713479
-2.1833 -79.8833
-1.8 -77.9333
-0.2158 -78.5103
-2.1833 -79.8833
-2.20382 -79.8975
-2.1833 -79.8833
-2.20015225 -79.90187571
-1.78333 -79.5167
-2.1761 -79.8996
-2.1572614 -79.89149853
-1.82695505 -80.75294379
-2.1761 -79.8996
-2.18937265 -79.88107681
-2.15891053 -79.89812146
-2.18937265 -79.88107681
-3.93701458 -79.22407449
-3.32856 -79.80626
-2.1761 -79.8996
-0.2158 -78.5103
-2.21124911 -79.90022032
-2.20327365 -80.87281311
-3.2626 -79.9553
-2.21667 -79.4833
-0.32915415 -78.54107692
-2.11140947 -79.90571074
-2.1761 -79.8996
-2.20382 -79.8975
-2.20382 -79.8975
-2.1519285 -79.92278901
-0.2158 -78.5103
-2.0891494 -79.91663218
-0.2158 -78.5103
-2.11140947 -79.90571074
-2.1761 -79.8996
-2.04259508 -79.91440058
-2.1761 -79.8996
-0.22205094 -78.48713655
-0.14415664 -78.49037101
-1.46666667 -78.81666667
-2.18265236 -79.96938788
-0.2077153 -78.49644146
-2.1519285 -79.92278901
-2.20382 -79.8975
-2.1761 -79.8996
-1.46666667 -78.81666667
-0.2158 -78.5103
-1.46666667 -78.81666667
-3.9833 -79.2
-2.20382 -79.8975
-2.52022076 -75.70741111
-2.20382 -79.8975
-3.9833 -79.2
-0.1628206 -78.46028924
-1.48318 -78.05165
-2.18201802 -79.89938021
-2.2341154 -80.9336725
-3.2626 -79.9553
-2.11140947 -79.90571074
-3.26410138 -79.94403899
-0.13793267 -78.46215141
-2.19828 -79.8846
-0.2158 -78.5103
-2.22987 -80.85973
-2.73871 -78.84814
-2.1484393 -79.88367319
-2.20382 -79.8975
-2.07340986 -79.84444857
-2.8992 -79.0153
-0.13793267 -78.46215141
0 -81.04092406
-2.14441988 -79.8626494
-2.89160924 -78.9944458
-0.2158 -78.5103
-0.21787128 -78.51146722
-2.26384331 -79.88710387
-3.27153853 -79.9281705
-1.24347289 -78.60707646
-2.8931 -78.99411
-2.8992 -79.0153
-2.16929143 -79.88849887
-3.93708465 -79.22412705
-2.20382 -79.8975
